Id,Sales
1,4115.20605469
2,7392.15087891
3,8876.72753906
4,7618.77832031
5,6863.63037109
6,5748.56445312
7,7375.10839844
8,7814.51708984
9,5179.14697266
10,5464.26513672
11,6626.98828125
12,8020.91308594
13,7088.51025391
14,8631.08203125
15,5756.75683594
16,4918.69482422
17,5537.72314453
18,9315.36816406
19,10462.7109375
20,9790.96582031
21,7454.93408203
22,4378.61816406
23,5675.90917969
24,4100.30078125
25,7300.97509766
26,10209.0859375
27,9261.90332031
28,5546.12841797
29,4908.01855469
30,4378.90625
31,5579.63623047
32,10006.9375
33,6346.46289062
34,5209.39941406
35,5340.79443359
36,7609.2578125
37,3684.31396484
38,7365.15429688
39,4425.54248047
40,6912.35205078
41,6574.07958984
42,5347.04882812
43,7919.75390625
44,6910.09716797
45,4925.69042969
46,6539.33886719
47,7234.65625
48,11632.5917969
49,5880.71386719
50,8211.65625
51,6765.69775391
52,9011.05566406
53,6455.42236328
54,9092.93554688
55,4558.35302734
56,4937.671875
57,5980.13232422
58,5708.28417969
59,9062.77050781
60,7564.99169922
61,5461.12792969
62,7596.62548828
63,6547.24658203
64,9909.39550781
65,3769.36669922
66,12670.7294922
67,4811.58691406
68,6037.58398438
69,8168.46582031
70,4891.59960938
71,6075.26611328
72,6006.70947266
73,7487.60009766
74,5467.74755859
75,5817.26464844
76,7473.73681641
77,7636.76318359
78,6834.18164062
79,5072.4765625
80,7129.90039062
81,10950.1064453
82,6237.18212891
83,4333.74511719
84,6682.73144531
85,5932.31347656
86,5832.16015625
87,7382.95556641
88,3828.7265625
89,7718.58886719
90,5847.6953125
91,7068.83642578
92,6828.64990234
93,3988.20654297
94,5189.20507812
95,5200.25
96,8032.80322266
97,8229.42285156
98,5009.11914062
99,4692.64990234
100,7113.69287109
101,5807.21923828
102,5851.14941406
103,6809.45556641
104,6505.22900391
105,7426.29101562
106,5690.6484375
107,4305.93115234
108,6719.97070312
109,8233.14453125
110,7991.07128906
111,8240.08886719
112,7873.03613281
113,5587.63037109
114,8544.55371094
115,5603.97900391
116,6828.46679688
117,8791.95410156
118,6269.56982422
119,10010.8886719
120,7659.15039062
121,7409.38183594
122,5830.13525391
123,7011.109375
124,7962.44970703
125,6416.50878906
126,3761.37841797
127,5290.13378906
128,7692.27050781
129,5562.6953125
130,4245.97705078
131,8202.24707031
132,6481.50195312
133,5421.73388672
134,6046.39550781
135,5175.22607422
136,7302.86962891
137,7151.75683594
138,6728.52636719
139,5530.32763672
140,4868.1953125
141,6251.06494141
142,3618.24194336
143,6097.98291016
144,5314.41015625
145,8364.08105469
146,7233.44873047
147,6089.75830078
148,11965.6484375
149,4999.20507812
150,5180.30810547
151,10105.9589844
152,6751.32226562
153,8396.72460938
154,7157.36621094
155,5523.55859375
156,6253.73681641
157,5438.61914062
158,8211.65625
159,11205.9238281
160,6083.72021484
161,3184.79443359
162,4408.23046875
163,8723.61914062
164,8546.91796875
165,6041.12109375
166,6845.72900391
167,4867.64746094
168,5363.97314453
169,3375.53076172
170,4924.99951172
171,5981.90673828
172,7232.44873047
173,6855.04638672
174,6588.73730469
175,7730.21484375
176,8993.80566406
177,7404.33740234
178,4945.34082031
179,9298.61816406
180,9932.58691406
181,5961.28222656
182,7412.83105469
183,5224.37255859
184,6461.08349609
185,4126.55078125
186,7019.74804688
187,5176.46044922
188,9008.86425781
189,7231.32421875
190,8143.93798828
191,7564.01025391
192,5404.92675781
193,8487.00097656
194,18160.1054688
195,10075.5566406
196,5624.04394531
197,2879.8425293
198,5979.67626953
199,8037.40087891
200,5633.76708984
201,12345.3105469
202,18728.1308594
203,3968.05639648
204,5233.20068359
205,9224.43554688
206,4976.51513672
207,8036.7421875
208,6721.62451172
209,7428.62207031
210,4942.59179688
211,6150.82617188
212,5965.53076172
213,7272.11181641
214,9554.19824219
215,6335.93261719
216,5822.78271484
217,6847.08740234
218,5028.65136719
219,5022.74072266
220,7571.83496094
221,5768.61865234
222,5609.50927734
223,6930.89697266
224,6239.06201172
225,5707.12988281
226,7092.70361328
227,7109.10742188
228,8369.5078125
229,6654.96044922
230,7575.35302734
231,5652.50439453
232,3816.12866211
233,6172.44824219
234,6765.86572266
235,5978.08544922
236,4340.19921875
237,8408.57910156
238,7057.31591797
239,8860.546875
240,6879.86523438
241,5627.63916016
242,5233.625
243,4421.74511719
244,9722.04980469
245,5038.24414062
246,7350.86523438
247,15230.9794922
248,7256.30761719
249,8013.63378906
250,5411.94775391
251,4536.47314453
252,6749.73876953
253,3955.18505859
254,5880.87109375
255,10595.3261719
256,5280.04638672
257,16344.2841797
258,13750.8564453
259,4818.41210938
260,6689.86816406
261,5503.421875
262,6744.38427734
263,5567.26513672
264,11052.6826172
265,7691.46337891
266,9614.12695312
267,4320.86230469
268,7300.11816406
269,5181.29638672
270,8131.03076172
271,6825.12060547
272,5989.40332031
273,6350.89550781
274,6163.39404297
275,7890.30419922
276,9526.45410156
277,5716.26611328
278,9820.41601562
279,6263.58691406
280,10067.4970703
281,5675.51904297
282,5286.26513672
283,5340.22900391
284,9932.69238281
285,6197.35498047
286,7664.11181641
287,6472.29101562
288,8607.20117188
289,4492.81542969
290,8151.18017578
291,6895.02099609
292,4182.16455078
293,13509.5234375
294,17562.6621094
295,6934.85742188
296,6839.06591797
297,9200.06152344
298,10284.7783203
299,11373.4755859
300,5452.95117188
301,7356.34326172
302,5781.82275391
303,8322.8515625
304,3951.83227539
305,5766.09326172
306,5620.94921875
307,5507.62304688
308,7204.58496094
309,5263.60351562
310,4878.01708984
311,6875.91601562
312,4130.51220703
313,4841.05517578
314,6282.87792969
315,6163.57617188
316,9129.49511719
317,8536.46484375
318,7273.8046875
319,6249.64599609
320,6163.41162109
321,11686.546875
322,7166.58837891
323,5191.12548828
324,4969.27197266
325,7786.95117188
326,4453.62353516
327,6884.8671875
328,3531.75341797
329,5001.55175781
330,7662.0
331,6333.81152344
332,5268.04345703
333,8673.91308594
334,9747.52734375
335,12134.7412109
336,6119.59423828
337,9096.91796875
338,2938.07128906
339,5062.76953125
340,6474.84716797
341,4479.07910156
342,7881.05273438
343,4994.39599609
344,4864.16210938
345,8409.08398438
346,10813.2773438
347,9198.31542969
348,5490.03125
349,4932.32470703
350,8006.04736328
351,6914.07275391
352,6111.81298828
353,5100.67529297
354,6690.72314453
355,9988.00976562
356,4321.26220703
357,6030.62548828
358,7740.52929688
359,8079.15087891
360,13061.8056641
361,5256.08740234
362,13394.5810547
363,6638.80029297
364,5164.16015625
365,3614.49536133
366,5915.40820312
367,6206.67773438
368,5639.03613281
369,7055.09521484
370,5037.13916016
371,4689.60693359
372,7232.89013672
373,3403.44140625
374,7574.52197266
375,6834.97021484
376,7523.17871094
377,8621.16015625
378,5506.47802734
379,8785.68457031
380,6212.00830078
381,5345.75390625
382,5623.82910156
383,5035.80322266
384,10589.3144531
385,6537.28710938
386,4717.56738281
387,7054.45556641
388,8288.9609375
389,7058.95214844
390,6144.51074219
391,8266.22265625
392,5492.14746094
393,5839.0625
394,5944.27050781
395,8575.30175781
396,6360.42480469
397,6317.18994141
398,5790.59814453
399,5013.09130859
400,3763.05102539
401,5597.73388672
402,8676.79296875
403,8353.54199219
404,9902.45117188
405,11140.7050781
406,8095.37255859
407,5906.17822266
408,5095.19970703
409,10330.5029297
410,10448.0917969
411,7701.74853516
412,8346.4140625
413,7858.80419922
414,5794.53173828
415,3939.82910156
416,10424.6894531
417,6775.72021484
418,6233.92871094
419,6076.88867188
420,3009.33325195
421,11524.8974609
422,6057.01660156
423,5246.7109375
424,4872.32080078
425,5530.15380859
426,6291.26708984
427,8239.13867188
428,6353.98535156
429,5284.86865234
430,5125.6953125
431,3950.61108398
432,3373.15209961
433,6936.82275391
434,16906.6015625
435,4306.66992188
436,5693.18945312
437,6691.1953125
438,5501.66894531
439,5306.91308594
440,4992.48144531
441,3864.14501953
442,7221.97753906
443,6937.95410156
444,4001.35717773
445,8479.2734375
446,5598.51367188
447,4668.86523438
448,8855.69628906
449,7556.921875
450,9323.8046875
451,5498.99853516
452,6505.87451172
453,4916.27880859
454,5086.37646484
455,14549.9052734
456,9772.11132812
457,6488.42333984
458,5373.84667969
459,4900.63623047
460,5917.43359375
461,5170.27685547
462,10814.8144531
463,5072.35986328
464,5501.86328125
465,7074.00292969
466,4671.30664062
467,6464.10400391
468,7341.63037109
469,7014.66796875
470,7084.44140625
471,4061.22631836
472,5431.52246094
473,6679.11230469
474,8827.11035156
475,8269.8671875
476,6847.38085938
477,4638.40478516
478,7843.25830078
479,5852.95214844
480,4532.30371094
481,7214.42480469
482,7054.23388672
483,6479.58544922
484,6278.62451172
485,6011.93701172
486,6261.02978516
487,5495.92041016
488,6896.296875
489,6088.96289062
490,6464.91796875
491,9237.84472656
492,5925.44824219
493,4386.53173828
494,11482.03125
495,5919.92919922
496,3274.78759766
497,7644.35644531
498,8443.40820312
499,10214.8320312
500,4845.82324219
501,5908.06591797
502,5856.93408203
503,7116.07470703
504,5717.49316406
505,8215.04785156
506,3260.52026367
507,5676.09277344
508,6097.23876953
509,5478.80517578
510,5261.32421875
511,6778.92675781
512,7842.54785156
513,5521.87304688
514,8220.69921875
515,6891.19433594
516,8573.59960938
517,4871.53564453
518,6454.69580078
519,6719.9453125
520,7984.03955078
521,7600.79980469
522,5004.55322266
523,8594.65820312
524,6885.46533203
525,7621.765625
526,4200.71630859
527,4014.85742188
528,8102.62646484
529,6335.11669922
530,8572.49609375
531,6861.09082031
532,5543.95410156
533,8133.1328125
534,6684.45947266
535,6891.79248047
536,7904.28417969
537,6356.57958984
538,8974.25097656
539,10644.4404297
540,7561.52197266
541,5057.31103516
542,5781.22119141
543,4179.09375
544,3136.61816406
545,8041.74902344
546,5455.80224609
547,8351.98828125
548,4795.15673828
549,6080.34423828
550,5726.10498047
551,9037.58300781
552,5157.96728516
553,5060.68408203
554,5617.98486328
555,7474.984375
556,5211.19335938
557,6941.18408203
558,7476.44580078
559,8022.734375
560,7645.53076172
561,6907.03320312
562,5845.56542969
563,4743.59472656
564,5003.14550781
565,10454.0615234
566,9122.52246094
567,6728.34667969
568,14565.3164062
569,5627.22021484
570,5065.90966797
571,5985.1484375
572,8260.40625
573,9629.65429688
574,6820.23291016
575,8332.16796875
576,7903.97509766
577,8142.23730469
578,6584.54736328
579,5578.84863281
580,4706.13330078
581,4922.59033203
582,3865.52392578
583,5277.61474609
584,8005.57373047
585,15929.3857422
586,6934.81152344
587,5043.79296875
588,6974.86474609
589,4650.15820312
590,6077.70019531
591,4420.31933594
592,8786.35546875
593,6616.45947266
594,6084.77050781
595,12988.0039062
596,11238.2470703
597,5536.92578125
598,6692.82958984
599,4088.27148438
600,5550.00195312
601,5258.95605469
602,8467.94238281
603,4729.53417969
604,4390.25341797
605,5891.31347656
606,5404.12255859
607,6744.01757812
608,7035.84863281
609,3593.4140625
610,7025.48876953
611,7981.44335938
612,7443.39550781
613,5079.55517578
614,4332.88134766
615,8089.96972656
616,4736.99316406
617,9125.80371094
618,4628.35058594
619,5101.95996094
620,6904.63574219
621,5708.19677734
622,4800.63964844
623,5912.80761719
624,6758.54492188
625,8947.05664062
626,9128.49316406
627,5645.09033203
628,4021.2199707
629,5889.68994141
630,5813.55371094
631,4686.27099609
632,6110.23876953
633,5912.66650391
634,11284.1630859
635,7257.15185547
636,6324.78027344
637,7543.16064453
638,4807.84326172
639,8492.58691406
640,6102.09082031
641,12781.5800781
642,6182.66503906
643,5322.54248047
644,5221.14453125
645,4073.33154297
646,6821.47558594
647,18536.0917969
648,4258.75097656
649,4695.40771484
650,9366.39941406
651,5968.71826172
652,7497.60498047
653,7865.96582031
654,6018.95410156
655,4994.84375
656,4830.22460938
657,9425.22265625
658,5827.16699219
659,7320.4296875
660,7399.18408203
661,4523.89013672
662,6794.13867188
663,6147.36572266
664,3998.7512207
665,8317.59765625
666,8343.0546875
667,4711.046875
668,7523.34375
669,7076.78320312
670,4757.75585938
671,9262.84765625
672,6382.90527344
673,7580.18847656
674,4766.05419922
675,4907.48925781
676,6215.92041016
677,4086.5168457
678,7615.16796875
679,4127.25927734
680,5970.67724609
681,4527.68896484
682,6002.04199219
683,5905.30566406
684,6740.15869141
685,6814.65380859
686,7997.95703125
687,5758.24511719
688,6701.68310547
689,6138.85205078
690,8357.22363281
691,9707.29882812
692,6737.77441406
693,3376.3359375
694,5813.49316406
695,7038.22509766
696,3874.63476562
697,11782.9101562
698,5832.62158203
699,6377.41064453
700,10582.6914062
701,6835.43994141
702,4633.32421875
703,11637.6630859
704,9398.76855469
705,5347.77880859
706,8642.5078125
707,9903.96289062
708,6010.859375
709,5064.23339844
710,6591.85546875
711,5459.14355469
712,5883.80517578
713,6981.88037109
714,4611.39746094
715,6280.52294922
716,7238.57666016
717,6551.17578125
718,7807.64111328
719,5948.15576172
720,6261.69873047
721,4598.32958984
722,7750.89453125
723,6843.62646484
724,6227.60546875
725,6375.08691406
726,7025.66259766
727,9287.95507812
728,5610.94824219
729,5191.52685547
730,6485.28613281
731,6996.10595703
732,6453.32910156
733,4497.90917969
734,4252.28027344
735,7406.05419922
736,7359.31152344
737,5539.29785156
738,7883.16552734
739,5919.98583984
740,6286.91796875
741,5232.77099609
742,3208.58984375
743,6997.76074219
744,6330.48974609
745,6440.39746094
746,9095.87597656
747,8149.16699219
748,4735.98095703
749,8474.21191406
750,4075.72558594
751,3097.82299805
752,7198.20361328
753,11594.0673828
754,8053.07080078
755,6713.44873047
756,4702.51660156
757,6316.98486328
758,8687.59179688
759,6135.91894531
760,8391.44921875
761,4914.60498047
762,4544.05273438
763,5225.65332031
764,5475.94726562
765,5138.99658203
766,5199.78857422
767,4941.79443359
768,4270.83740234
769,6511.97119141
770,6731.77490234
771,5530.12744141
772,6024.83007812
773,6969.11962891
774,5852.74560547
775,5945.234375
776,8709.03710938
777,7146.87451172
778,5714.36865234
779,3752.37255859
780,11144.2441406
781,6497.29833984
782,5667.02636719
783,8413.88183594
784,7855.34179688
785,7351.62255859
786,5836.55664062
787,7223.96826172
788,9206.54003906
789,13157.7314453
790,5110.19091797
791,4656.69628906
792,5400.54150391
793,6629.35253906
794,5566.81933594
795,7182.60791016
796,8727.72167969
797,5859.74511719
798,4147.95654297
799,5665.79394531
800,8277.66308594
801,4843.62304688
802,7255.0
803,3995.30444336
804,6883.18652344
805,7907.73779297
806,7176.47265625
807,8366.41894531
808,6275.00244141
809,4503.28466797
810,6206.42333984
811,6854.02001953
812,8844.73144531
813,7226.60791016
814,8111.80517578
815,6262.83398438
816,4442.15527344
817,9268.31835938
818,4504.49609375
819,9447.59667969
820,6197.96386719
821,4180.70458984
822,6939.02587891
823,6040.44091797
824,7439.74755859
825,7866.79101562
826,4096.00048828
827,4603.29736328
828,7721.40869141
829,8426.99609375
830,9680.35742188
831,5018.80859375
832,6030.14208984
833,6361.31103516
834,6533.95849609
835,5548.27099609
836,9539.37402344
837,8503.80566406
838,10901.9833984
839,4166.50390625
840,5556.41650391
841,9634.46777344
842,7972.12353516
843,5178.87011719
844,10176.9648438
845,6171.40039062
846,5445.74658203
847,5136.83496094
848,5091.14355469
849,5219.81542969
850,6198.97509766
851,4703.30126953
852,4938.04882812
853,8650.74609375
854,6899.42822266
855,20912.5898438
856,6711.28466797
857,4302.73632812
858,7954.57080078
859,9299.29199219
860,6880.96777344
861,7152.02978516
862,5910.32617188
863,8329.32324219
864,8490.3203125
865,5405.66943359
866,5625.12207031
867,6689.37060547
868,8577.88574219
869,7150.09228516
870,8289.640625
871,5786.92626953
872,4950.62207031
873,5620.56884766
874,10169.5820312
875,10690.2431641
876,10421.0322266
877,7907.38330078
878,4163.68701172
879,5830.91992188
880,4508.76855469
881,7671.21337891
882,10569.9111328
883,9921.59570312
884,5904.70263672
885,5434.45019531
886,4308.16601562
887,5476.26074219
888,11201.296875
889,6449.67382812
890,5037.63378906
891,5322.01416016
892,8465.51171875
893,3862.60083008
894,7667.40966797
895,4554.91894531
896,6648.69824219
897,6422.95019531
898,5594.16845703
899,7467.06054688
900,7062.09033203
901,5577.68847656
902,6886.18066406
903,7235.83642578
904,11248.6386719
905,5759.75537109
906,8759.54589844
907,7565.33789062
908,9350.93945312
909,6632.03466797
910,9432.22851562
911,4742.6171875
912,4877.17529297
913,6443.53173828
914,5677.12158203
915,9259.52734375
916,7568.46289062
917,5756.06494141
918,7364.97851562
919,6845.92480469
920,9596.06152344
921,3875.45556641
922,14431.1767578
923,5073.22119141
924,6214.20117188
925,8733.31835938
926,5160.69384766
927,6231.11669922
928,5983.58447266
929,7613.63574219
930,5444.49462891
931,5921.84960938
932,7493.12255859
933,7978.67285156
934,7495.42431641
935,5377.71289062
936,7293.33251953
937,11201.2216797
938,6476.24902344
939,4656.41699219
940,6531.03613281
941,6059.69775391
942,6039.56494141
943,7526.95361328
944,3994.51953125
945,8217.51660156
946,6332.34375
947,7345.30761719
948,7688.43457031
949,4402.45214844
950,5492.16357422
951,5490.45556641
952,8356.87304688
953,8621.59570312
954,5163.45605469
955,4703.72753906
956,7098.93017578
957,5842.95068359
958,6222.01806641
959,7073.65820312
960,6566.65332031
961,7763.62792969
962,5857.68847656
963,4475.83349609
964,6861.13623047
965,7926.51757812
966,8375.50488281
967,8372.91796875
968,8333.64648438
969,5770.88574219
970,8797.66699219
971,6199.24072266
972,7109.62304688
973,8946.10058594
974,6173.21923828
975,10565.4960938
976,7835.61669922
977,7557.38330078
978,5698.06787109
979,7224.98144531
980,7936.70068359
981,6575.74755859
982,3995.09106445
983,5404.60205078
984,8164.32275391
985,5764.61962891
986,4424.99365234
987,8629.26269531
988,6707.14453125
989,5541.82910156
990,6242.0625
991,5388.66503906
992,7742.92138672
993,7393.76611328
994,6858.94433594
995,5367.58642578
996,4996.85449219
997,6484.57470703
998,3724.41723633
999,6051.14404297
1000,5479.95458984
1001,8698.30371094
1002,7544.89404297
1003,6302.10791016
1004,12285.6289062
1005,6316.38818359
1006,5251.94335938
1007,10807.875
1008,7562.18505859
1009,8449.29882812
1010,7563.65673828
1011,4820.39794922
1012,6217.67529297
1013,5634.18115234
1014,7983.91796875
1015,12260.0996094
1016,5901.91552734
1017,3523.41137695
1018,5365.83544922
1019,9297.08398438
1020,8867.81738281
1021,6180.68994141
1022,7197.17382812
1023,5164.91943359
1024,5492.24169922
1025,3450.63842773
1026,5138.92773438
1027,5992.07177734
1028,7383.80761719
1029,7145.34082031
1030,6936.69677734
1031,7808.64648438
1032,8966.80859375
1033,7825.9296875
1034,5212.94873047
1035,9667.06152344
1036,11013.3896484
1037,5879.22753906
1038,7667.85595703
1039,5200.18017578
1040,6776.10839844
1041,4148.58203125
1042,7359.58544922
1043,5726.46044922
1044,9458.74121094
1045,7464.08398438
1046,8237.00878906
1047,7940.28955078
1048,5304.28173828
1049,8954.953125
1050,18811.6582031
1051,10612.6806641
1052,6098.78564453
1053,3019.97705078
1054,6214.02294922
1055,8135.95703125
1056,5505.72753906
1057,12343.8857422
1058,18909.78125
1059,4090.57324219
1060,5523.43212891
1061,8244.12988281
1062,5760.34863281
1063,8855.59570312
1064,6660.57373047
1065,7805.78710938
1066,4910.8515625
1067,6691.29101562
1068,6229.01953125
1069,7514.47949219
1070,9824.04199219
1071,6117.93701172
1072,5766.94628906
1073,6964.62060547
1074,5423.39941406
1075,5285.83642578
1076,7809.59960938
1077,5669.23730469
1078,5737.7890625
1079,7378.20361328
1080,6261.02978516
1081,6111.67285156
1082,7104.85693359
1083,7343.12890625
1084,8268.52539062
1085,6994.578125
1086,7597.00927734
1087,5774.28320312
1088,3943.42358398
1089,6580.20214844
1090,7045.45214844
1091,6093.44238281
1092,4433.93408203
1093,9021.92578125
1094,7100.09521484
1095,9403.05371094
1096,7300.98193359
1097,5629.89941406
1098,5255.73681641
1099,4472.19726562
1100,9900.15625
1101,5193.98339844
1102,7640.77001953
1103,15480.5302734
1104,7351.78369141
1105,6466.04052734
1106,5147.59179688
1107,4768.09179688
1108,6720.22705078
1109,4044.10839844
1110,5981.15917969
1111,10736.2548828
1112,5246.38037109
1113,17038.3808594
1114,14855.4873047
1115,4809.54980469
1116,6973.26171875
1117,5819.72363281
1118,6927.47949219
1119,5862.1875
1120,11439.9150391
1121,7536.70947266
1122,9962.00878906
1123,4409.12597656
1124,7593.046875
1125,5172.63476562
1126,8390.76855469
1127,6672.53466797
1128,6045.9921875
1129,6266.98730469
1130,6114.07519531
1131,8323.66992188
1132,9206.01269531
1133,5923.27832031
1134,10484.9677734
1135,6201.73095703
1136,10365.4511719
1137,5665.45361328
1138,5712.18896484
1139,5576.16748047
1140,10886.8125
1141,6234.44580078
1142,7279.51660156
1143,6868.38476562
1144,9042.39355469
1145,4739.95361328
1146,8382.70605469
1147,7155.38671875
1148,4221.71337891
1149,15021.0087891
1150,17235.1582031
1151,7268.13183594
1152,7169.52783203
1153,9671.95898438
1154,10583.6298828
1155,11890.6210938
1156,5514.29882812
1157,7705.16503906
1158,5968.56445312
1159,8411.95605469
1160,4005.04223633
1161,6138.28417969
1162,5873.05126953
1163,5706.94482422
1164,7659.15039062
1165,5655.50244141
1166,5067.10351562
1167,6867.99169922
1168,3914.00830078
1169,5119.2265625
1170,6378.54785156
1171,7095.70800781
1172,9241.88085938
1173,8560.828125
1174,7406.98632812
1175,5905.72753906
1176,6183.01318359
1177,11737.71875
1178,7615.26953125
1179,5400.29931641
1180,5105.61083984
1181,7984.96142578
1182,4640.93261719
1183,7259.81738281
1184,3479.65136719
1185,5608.43896484
1186,8048.12548828
1187,6278.75
1188,5189.91259766
1189,8787.51074219
1190,9470.34179688
1191,12693.953125
1192,6226.58398438
1193,8951.22949219
1194,3183.56396484
1195,5325.41162109
1196,6540.01269531
1197,4600.30859375
1198,8345.60253906
1199,5230.41601562
1200,5176.91943359
1201,8939.14941406
1202,11706.1914062
1203,8214.7421875
1204,5520.08789062
1205,4947.83203125
1206,9784.45898438
1207,7678.32128906
1208,6352.55566406
1209,5112.35058594
1210,7030.31445312
1211,10022.8691406
1212,4913.65820312
1213,6433.30029297
1214,8126.33203125
1215,8725.97363281
1216,13336.3007812
1217,5519.26660156
1218,14193.3681641
1219,6637.32519531
1220,5303.57324219
1221,3501.15405273
1222,6376.55224609
1223,6129.03417969
1224,5636.93359375
1225,6979.94921875
1226,5277.27246094
1227,4605.37939453
1228,7282.7109375
1229,3832.21606445
1230,7841.39599609
1231,7084.13085938
1232,7904.140625
1233,8963.20800781
1234,5315.2265625
1235,9169.64648438
1236,6534.58203125
1237,5694.66650391
1238,5774.31640625
1239,5819.24072266
1240,11048.6982422
1241,6688.29882812
1242,4929.71386719
1243,7949.40576172
1244,8422.22363281
1245,7216.09033203
1246,6391.39208984
1247,8822.18652344
1248,5758.98632812
1249,5852.47216797
1250,6157.01855469
1251,8589.70800781
1252,6176.37060547
1253,6452.65820312
1254,5969.05957031
1255,5126.80517578
1256,4020.40698242
1257,5137.47705078
1258,8378.421875
1259,8444.90722656
1260,10236.2197266
1261,11397.2675781
1262,8063.20068359
1263,6222.19042969
1264,5227.73730469
1265,11015.8583984
1266,10661.1132812
1267,7877.51318359
1268,8684.74902344
1269,8092.29248047
1270,6006.59521484
1271,4118.32421875
1272,10859.7041016
1273,7062.33251953
1274,6716.26660156
1275,6169.75244141
1276,3169.64575195
1277,11843.4580078
1278,6031.18359375
1279,5174.38671875
1280,5017.56396484
1281,5566.90966797
1282,6618.13232422
1283,9087.24804688
1284,6300.65332031
1285,5500.72460938
1286,5123.58886719
1287,4734.83398438
1288,3350.04077148
1289,7011.84521484
1290,17360.2734375
1291,4380.54003906
1292,5628.77197266
1293,7415.00195312
1294,5531.96337891
1295,5555.78564453
1296,4986.3515625
1297,4232.66894531
1298,7213.48193359
1299,6979.97607422
1300,4241.43554688
1301,8881.37792969
1302,5797.88232422
1303,4880.44677734
1304,9187.11035156
1305,8153.22509766
1306,9542.33203125
1307,5860.96337891
1308,6768.10546875
1309,4928.55224609
1310,5260.76708984
1311,16455.7734375
1312,9983.56152344
1313,6278.72607422
1314,5599.48046875
1315,4711.34375
1316,6106.21923828
1317,4429.47851562
1318,9435.29589844
1319,5357.71972656
1320,5587.02832031
1321,7046.0703125
1322,4857.82324219
1323,6660.26904297
1324,7721.53417969
1325,7163.48583984
1326,6961.12060547
1327,4258.45800781
1328,5574.97070312
1329,6643.39208984
1330,9436.66503906
1331,8411.04882812
1332,6913.81542969
1333,4791.60839844
1334,8130.23144531
1335,6293.72216797
1336,4513.65722656
1337,7132.90673828
1338,7130.3359375
1339,6694.11279297
1340,6500.35986328
1341,6536.33349609
1342,6428.28271484
1343,5645.67724609
1344,7101.66650391
1345,6119.72265625
1346,6804.80029297
1347,9100.29296875
1348,5910.04443359
1349,4659.06884766
1350,11872.0488281
1351,5909.88671875
1352,3720.89111328
1353,8020.29345703
1354,8672.12695312
1355,10913.2177734
1356,5097.61621094
1357,5935.76074219
1358,6076.54101562
1359,7628.68212891
1360,5693.23828125
1361,8493.28417969
1362,3370.29907227
1363,6149.79394531
1364,6206.47705078
1365,5854.34814453
1366,5318.48730469
1367,7063.20849609
1368,8514.49414062
1369,5812.85546875
1370,8634.89453125
1371,7105.02685547
1372,8888.41992188
1373,4873.11035156
1374,6662.41015625
1375,6893.17285156
1376,7939.04003906
1377,8340.51757812
1378,3679.5300293
1379,8771.17382812
1380,6934.93701172
1381,7734.87597656
1382,4710.00439453
1383,4096.92675781
1384,8486.25585938
1385,6765.46533203
1386,8968.21972656
1387,6544.77441406
1388,5901.46484375
1389,7957.21875
1390,6943.58105469
1391,6976.76757812
1392,8417.26855469
1393,6327.58007812
1394,9342.24804688
1395,11104.8701172
1396,7927.98486328
1397,5162.98339844
1398,6106.37060547
1399,4174.18505859
1400,3296.04663086
1401,8455.0703125
1402,5475.38867188
1403,8757.38183594
1404,4784.08203125
1405,5945.9609375
1406,5792.71386719
1407,10466.8828125
1408,5505.22265625
1409,5219.42675781
1410,5933.88134766
1411,7680.60644531
1412,4959.45605469
1413,7467.40185547
1414,7575.76513672
1415,8539.57617188
1416,7675.49462891
1417,6636.22998047
1418,5627.44091797
1419,4835.61376953
1420,4704.46826172
1421,10969.4345703
1422,9669.63476562
1423,6993.85742188
1424,14739.8447266
1425,5746.50878906
1426,4972.87597656
1427,6294.55664062
1428,8388.39160156
1429,10167.9228516
1430,7105.99609375
1431,8414.41894531
1432,8309.57324219
1433,8286.32128906
1434,6661.5078125
1435,5397.06494141
1436,4841.41552734
1437,4966.08300781
1438,4231.09521484
1439,5578.16748047
1440,8330.49121094
1441,16814.2851562
1442,7325.06689453
1443,5332.72607422
1444,7780.36621094
1445,4485.14160156
1446,6180.12988281
1447,4076.82226562
1448,8763.97460938
1449,6599.57470703
1450,6197.68603516
1451,13622.4365234
1452,12277.5351562
1453,5758.23388672
1454,6778.09277344
1455,4209.34033203
1456,5648.52685547
1457,5498.53710938
1458,8381.96972656
1459,4966.04541016
1460,4345.24414062
1461,6249.01416016
1462,5520.81982422
1463,7131.95458984
1464,7126.39257812
1465,3545.9387207
1466,7000.24462891
1467,8248.76269531
1468,7825.93701172
1469,5490.77539062
1470,4867.68457031
1471,8203.5
1472,4861.47607422
1473,9649.68847656
1474,4499.08496094
1475,5083.30175781
1476,6797.17871094
1477,5812.38427734
1478,4869.40283203
1479,5946.05126953
1480,7234.76708984
1481,9439.88671875
1482,10014.0126953
1483,5536.15478516
1484,4104.57373047
1485,5910.70947266
1486,5852.35498047
1487,4734.01220703
1488,6349.21777344
1489,6105.5546875
1490,11885.4169922
1491,7700.55126953
1492,6303.26806641
1493,8126.34716797
1494,4928.06396484
1495,8762.43652344
1496,6130.13964844
1497,13785.5888672
1498,6313.64746094
1499,5513.44189453
1500,5555.22412109
1501,4084.98925781
1502,7240.91064453
1503,19319.3027344
1504,4782.70410156
1505,4696.89941406
1506,9431.09472656
1507,6500.88720703
1508,7846.61816406
1509,8285.88671875
1510,6288.90332031
1511,5001.25097656
1512,4789.43359375
1513,9758.40234375
1514,6075.46875
1515,7529.84765625
1516,7928.16601562
1517,4854.0390625
1518,7314.37158203
1519,6128.45556641
1520,4313.88232422
1521,8669.08300781
1522,8406.31738281
1523,4986.27978516
1524,7481.51806641
1525,6562.30761719
1526,4840.265625
1527,9292.12890625
1528,6188.27587891
1529,7383.05419922
1530,4806.61425781
1531,5103.21044922
1532,7405.24853516
1533,3921.60620117
1534,7912.92822266
1535,4775.67480469
1536,6175.82861328
1537,4685.95800781
1538,6094.67480469
1539,6171.51806641
1540,6889.84716797
1541,6820.44775391
1542,8199.12695312
1543,5642.04882812
1544,7286.51904297
1545,6610.93408203
1546,9586.10839844
1547,10064.8369141
1548,6940.40283203
1549,3240.11474609
1550,5949.41552734
1551,7260.52392578
1552,4140.16162109
1553,11586.8720703
1554,5956.95068359
1555,6680.90917969
1556,11029.9882812
1557,6549.0078125
1558,4462.03027344
1559,11996.8554688
1560,9909.26269531
1561,5611.83691406
1562,9215.37695312
1563,9454.546875
1564,5935.93017578
1565,5658.46533203
1566,6762.00732422
1567,5792.48144531
1568,6025.421875
1569,7078.45068359
1570,4713.11425781
1571,6705.50048828
1572,7309.63623047
1573,6639.61669922
1574,8299.66503906
1575,6122.88769531
1576,6624.48583984
1577,4198.33642578
1578,7668.02392578
1579,7121.31640625
1580,5962.32226562
1581,6821.26074219
1582,7212.75976562
1583,9511.47363281
1584,5714.63623047
1585,5439.8125
1586,6106.55664062
1587,7119.53710938
1588,6873.87011719
1589,4711.86474609
1590,4354.28515625
1591,8714.9453125
1592,7366.31347656
1593,5847.05419922
1594,8078.33447266
1595,5987.34082031
1596,7470.35839844
1597,5075.0703125
1598,3402.72729492
1599,7232.62109375
1600,6436.63916016
1601,6614.57275391
1602,9477.12695312
1603,9576.88769531
1604,5033.06152344
1605,7661.60498047
1606,4502.06054688
1607,3105.29101562
1608,7381.0546875
1609,12373.3408203
1610,7670.96484375
1611,7058.27197266
1612,4723.3671875
1613,6659.59570312
1614,9244.12011719
1615,6504.34179688
1616,8621.27539062
1617,5330.44775391
1618,4590.30566406
1619,5375.59472656
1620,5395.72167969
1621,5608.93652344
1622,5518.51416016
1623,4915.78662109
1624,4474.35644531
1625,6857.84521484
1626,6993.75732422
1627,5700.10058594
1628,6187.72705078
1629,7322.48974609
1630,6263.5625
1631,5982.27197266
1632,9031.31835938
1633,7772.45166016
1634,5332.78710938
1635,3815.59716797
1636,11657.3359375
1637,6321.13183594
1638,5805.20849609
1639,8569.00585938
1640,8642.77246094
1641,7690.97949219
1642,5960.72460938
1643,7469.77441406
1644,9773.89160156
1645,14401.7109375
1646,5398.92919922
1647,5015.33935547
1648,5095.00537109
1649,6582.77636719
1650,5452.41503906
1651,8264.52050781
1652,8659.05957031
1653,6051.22509766
1654,4181.32275391
1655,5880.72509766
1656,8173.13378906
1657,5046.98876953
1658,7501.13134766
1659,4070.70166016
1660,6667.8203125
1661,8325.60644531
1662,7329.44921875
1663,9231.0625
1664,6408.84472656
1665,4484.97558594
1666,5997.53808594
1667,7474.84179688
1668,9188.27636719
1669,7422.24072266
1670,8000.17724609
1671,6361.51123047
1672,4552.99902344
1673,9824.98828125
1674,4414.57177734
1675,9622.74121094
1676,6030.52783203
1677,4403.75439453
1678,7424.03222656
1679,6146.08154297
1680,7946.60791016
1681,8165.0703125
1682,4204.43652344
1683,4686.28857422
1684,8299.09472656
1685,8735.72460938
1686,10081.0351562
1687,5550.79052734
1688,5960.85546875
1689,6751.74072266
1690,6661.56542969
1691,5437.70654297
1692,9847.38183594
1693,8776.15429688
1694,11548.125
1695,4482.38769531
1696,5984.7890625
1697,9816.61523438
1698,8032.63427734
1699,5430.32568359
1700,10454.2607422
1701,6484.10498047
1702,5299.35107422
1703,4950.99511719
1704,5283.54833984
1705,5395.31542969
1706,6548.03320312
1707,5030.71923828
1708,4997.25537109
1709,9320.03417969
1710,6858.23144531
1711,21462.7988281
1712,6620.27246094
1713,4581.15917969
1714,8760.62304688
1715,10960.9521484
1716,7868.99707031
1717,8020.04882812
1718,6527.04443359
1719,8162.4140625
1720,9279.56152344
1721,6049.79931641
1722,6278.33105469
1723,7260.65527344
1724,9385.20507812
1725,8032.42724609
1726,9093.65625
1727,6829.60058594
1728,5454.33447266
1729,6098.11083984
1730,10894.4677734
1731,11591.4140625
1732,11745.5810547
1733,9001.73535156
1734,5318.39599609
1735,6003.33544922
1736,4895.18408203
1737,8419.54101562
1738,11688.2626953
1739,10276.0234375
1740,6679.66650391
1741,5931.85546875
1742,4957.66308594
1743,5951.94140625
1744,11156.4101562
1745,7231.47558594
1746,5173.32568359
1747,5827.07763672
1748,8465.49511719
1749,4134.65185547
1750,8377.7578125
1751,4878.4453125
1752,6916.30908203
1753,7186.21240234
1754,6095.45947266
1755,8280.19726562
1756,7989.19726562
1757,5840.35986328
1758,7883.33056641
1759,7502.34082031
1760,11993.1845703
1761,6206.96240234
1762,9732.05078125
1763,7123.46337891
1764,10133.8339844
1765,7481.16113281
1766,10882.4941406
1767,5708.32226562
1768,5714.23291016
1769,6876.38183594
1770,6050.15722656
1771,10307.2666016
1772,8456.63476562
1773,6589.11425781
1774,8050.33642578
1775,7364.85888672
1776,10758.0888672
1777,4409.60546875
1778,15031.3994141
1779,5553.15771484
1780,7080.89501953
1781,9488.46875
1782,5728.97900391
1783,6954.57714844
1784,6909.34619141
1785,8546.86914062
1786,6016.92773438
1787,6670.96289062
1788,8051.65722656
1789,8506.06835938
1790,8448.68554688
1791,6055.16259766
1792,8001.35253906
1793,12193.7470703
1794,7235.73291016
1795,4843.5078125
1796,7084.20458984
1797,6374.32714844
1798,6449.95703125
1799,8151.3828125
1800,4439.13085938
1801,9208.45410156
1802,6929.95117188
1803,8086.99902344
1804,7810.71728516
1805,5011.23144531
1806,5916.31054688
1807,5978.99169922
1808,9293.39550781
1809,9704.08691406
1810,5508.36914062
1811,5249.59423828
1812,7784.3671875
1813,6333.26757812
1814,7130.63476562
1815,7897.65966797
1816,7416.55810547
1817,8482.21777344
1818,6583.21582031
1819,4925.71386719
1820,7846.65527344
1821,8430.85546875
1822,9387.62207031
1823,9106.86621094
1824,8886.19921875
1825,6581.79638672
1826,9328.7578125
1827,6813.18505859
1828,7997.49169922
1829,9870.08105469
1830,6726.37695312
1831,11926.625
1832,8165.95800781
1833,8678.71289062
1834,6250.77294922
1835,8055.69775391
1836,8881.75878906
1837,7534.18652344
1838,4473.11083984
1839,5741.27050781
1840,9199.5703125
1841,6300.68896484
1842,4800.66699219
1843,9877.30371094
1844,7318.84423828
1845,6030.9765625
1846,6797.45703125
1847,6071.79589844
1848,8801.07421875
1849,7926.71435547
1850,7861.10595703
1851,6112.86230469
1852,5829.95751953
1853,7183.03271484
1854,4391.59765625
1855,7828.26660156
1856,6236.3671875
1857,9262.66308594
1858,8490.70019531
1859,6799.44140625
1860,13527.6767578
1861,6304.20605469
1862,5452.66992188
1863,11691.7304688
1864,7539.21142578
1865,9278.48925781
1866,8062.23144531
1867,5027.97509766
1868,6735.44189453
1869,6232.48974609
1870,8960.52441406
1871,13556.8027344
1872,6410.39794922
1873,3732.23828125
1874,5003.95214844
1875,10032.6152344
1876,9772.23242188
1877,6985.46386719
1878,8057.42675781
1879,5374.82568359
1880,6275.30126953
1881,3688.50561523
1882,5736.31689453
1883,6322.98876953
1884,7784.99804688
1885,8135.43652344
1886,7554.42822266
1887,8213.76269531
1888,9728.3671875
1889,8256.00390625
1890,5699.01904297
1891,10576.0224609
1892,12355.6523438
1893,6901.02099609
1894,8507.61816406
1895,5673.52734375
1896,7303.35009766
1897,4897.88378906
1898,8435.93066406
1899,6370.71044922
1900,10036.0419922
1901,7995.53955078
1902,9276.47265625
1903,8469.32324219
1904,5599.46972656
1905,9946.32421875
1906,20387.796875
1907,11838.2060547
1908,7175.37744141
1909,3650.85327148
1910,6599.49853516
1911,9565.22167969
1912,6050.48046875
1913,12284.3056641
1914,19351.296875
1915,4488.18896484
1916,6308.62109375
1917,8642.83789062
1918,5587.65673828
1919,9950.76464844
1920,7853.31884766
1921,8899.03125
1922,5104.66650391
1923,7408.60449219
1924,7019.86865234
1925,8160.13330078
1926,10870.7509766
1927,6543.25732422
1928,5990.08837891
1929,7756.76660156
1930,6272.82958984
1931,5658.93457031
1932,8453.16699219
1933,6248.35888672
1934,6251.94140625
1935,8559.7421875
1936,7529.95507812
1937,6819.66748047
1938,8147.24755859
1939,8252.20117188
1940,8913.80371094
1941,7359.72558594
1942,8789.72460938
1943,5933.46240234
1944,4241.70703125
1945,6928.59033203
1946,7668.92333984
1947,6762.69726562
1948,5063.40771484
1949,10193.6542969
1950,8058.97900391
1951,10201.0361328
1952,8103.22070312
1953,6350.07763672
1954,5867.29492188
1955,4696.41113281
1956,11383.9052734
1957,5583.78369141
1958,7938.30566406
1959,17478.34375
1960,7892.89306641
1961,7152.11132812
1962,5388.42382812
1963,5175.23095703
1964,7498.47021484
1965,4348.53710938
1966,6711.02246094
1967,11689.8798828
1968,5523.83837891
1969,18567.4980469
1970,16580.1171875
1971,5099.35693359
1972,7688.88183594
1973,6636.79296875
1974,7612.61865234
1975,6488.05859375
1976,12711.7988281
1977,8258.90234375
1978,11513.4277344
1979,5218.47558594
1980,8177.41552734
1981,5658.07080078
1982,9412.17871094
1983,7462.13378906
1984,6752.20458984
1985,6637.03955078
1986,6229.80322266
1987,9032.47265625
1988,10114.1748047
1989,6568.13183594
1990,11447.1074219
1991,6384.43994141
1992,11040.1552734
1993,6642.79052734
1994,6168.48730469
1995,6019.0
1996,12099.4472656
1997,6506.58203125
1998,8013.06787109
1999,7461.67822266
2000,9870.62695312
2001,4962.77783203
2002,9758.58789062
2003,8136.82519531
2004,4724.07861328
2005,15862.5878906
2006,18204.4628906
2007,7935.18652344
2008,7906.84033203
2009,11248.2412109
2010,11788.8779297
2011,13092.5253906
2012,6503.87646484
2013,8782.98632812
2014,6448.40087891
2015,9205.40722656
2016,4492.16357422
2017,7052.06787109
2018,6277.27099609
2019,6293.12158203
2020,8353.05566406
2021,6151.13134766
2022,5881.4375
2023,7546.78710938
2024,4601.19921875
2025,5512.21142578
2026,7185.78027344
2027,7493.12988281
2028,10036.5585938
2029,9238.96386719
2030,8160.46826172
2031,6337.66113281
2032,6570.05517578
2033,12664.5791016
2034,8535.63476562
2035,6189.09082031
2036,5568.67285156
2037,8556.42871094
2038,4856.68359375
2039,7607.90771484
2040,3898.98681641
2041,6110.13964844
2042,9285.41308594
2043,6896.69775391
2044,5608.39648438
2045,9333.36816406
2046,10106.6728516
2047,13330.1220703
2048,6985.49072266
2049,9625.47558594
2050,3640.81958008
2051,5737.54833984
2052,7021.89111328
2053,5081.24609375
2054,8393.32226562
2055,5818.56933594
2056,5545.49316406
2057,9650.62695312
2058,12998.6738281
2059,8665.26464844
2060,6035.30371094
2061,5595.49755859
2062,9593.51757812
2063,8028.69726562
2064,7097.359375
2065,5713.44775391
2066,7555.62451172
2067,11685.0537109
2068,4950.99511719
2069,7145.42236328
2070,8873.50292969
2071,9464.36328125
2072,15002.296875
2073,5611.83154297
2074,15321.5429688
2075,7299.24121094
2076,5674.99365234
2077,4123.55615234
2078,7162.98681641
2079,6942.95849609
2080,6394.02001953
2081,6897.45458984
2082,5784.01806641
2083,5193.84033203
2084,7779.89111328
2085,4036.53100586
2086,8579.86523438
2087,8047.35791016
2088,9068.17480469
2089,9879.51757812
2090,6055.28369141
2091,10117.8798828
2092,7007.76660156
2093,6066.16943359
2094,6082.94873047
2095,5766.27490234
2096,12105.5527344
2097,7336.35205078
2098,5431.86425781
2099,8325.74902344
2100,9166.62109375
2101,8014.44335938
2102,7299.89550781
2103,9421.61816406
2104,6072.94824219
2105,6045.12695312
2106,6860.36376953
2107,8949.03710938
2108,7392.27050781
2109,7463.12304688
2110,6599.24707031
2111,5478.37695312
2112,4472.73046875
2113,5481.88916016
2114,8830.453125
2115,9164.37402344
2116,11001.4111328
2117,12651.2636719
2118,8652.60351562
2119,6530.20117188
2120,5538.82177734
2121,11709.6416016
2122,11781.1337891
2123,8735.75
2124,9730.68652344
2125,9858.2265625
2126,6491.3203125
2127,4759.26708984
2128,11712.8916016
2129,7927.75
2130,7521.19140625
2131,7050.46044922
2132,3710.07397461
2133,12955.6767578
2134,6599.58105469
2135,5979.16845703
2136,5276.72900391
2137,5695.28027344
2138,7575.38867188
2139,10211.1796875
2140,6767.67236328
2141,5777.93603516
2142,5623.58251953
2143,4764.27246094
2144,3646.5546875
2145,7736.43310547
2146,18154.3710938
2147,4802.64550781
2148,6023.29003906
2149,8126.37109375
2150,6260.04492188
2151,6077.99023438
2152,5263.30712891
2153,4707.41259766
2154,7988.18310547
2155,7386.78710938
2156,5005.67529297
2157,9731.29882812
2158,7016.63525391
2159,5430.84375
2160,9764.31347656
2161,8927.28027344
2162,10150.65625
2163,6992.29003906
2164,7815.46386719
2165,5536.55078125
2166,5591.51708984
2167,16748.1542969
2168,10784.7988281
2169,6714.7421875
2170,6364.17529297
2171,4963.49755859
2172,6746.09521484
2173,4987.86425781
2174,10398.1767578
2175,5882.9296875
2176,6105.40966797
2177,7352.12060547
2178,5133.88183594
2179,7558.34179688
2180,8746.24609375
2181,7905.27929688
2182,7694.05371094
2183,5144.01367188
2184,6269.80908203
2185,7258.03125
2186,10667.4599609
2187,9324.87988281
2188,7435.05126953
2189,5453.23730469
2190,8725.90722656
2191,6748.07763672
2192,4765.11816406
2193,8164.54785156
2194,7839.80322266
2195,7515.21044922
2196,7098.04345703
2197,7320.55517578
2198,6879.90478516
2199,6301.77148438
2200,7624.12841797
2201,6592.56542969
2202,7630.63232422
2203,9891.45507812
2204,6339.02148438
2205,5224.11328125
2206,12810.0029297
2207,6783.22802734
2208,4025.03466797
2209,9121.95703125
2210,9186.76074219
2211,12222.7392578
2212,5477.61376953
2213,6697.40185547
2214,6785.92626953
2215,8249.35253906
2216,6480.79052734
2217,9347.28320312
2218,3907.15185547
2219,6783.20214844
2220,6634.39453125
2221,6492.82519531
2222,6197.29589844
2223,7585.01220703
2224,9559.76757812
2225,6531.49121094
2226,9636.5078125
2227,7971.40869141
2228,9739.15429688
2229,4910.78173828
2230,7457.56542969
2231,7674.55078125
2232,8654.18847656
2233,8708.29785156
2234,4249.05664062
2235,8802.1484375
2236,7484.14453125
2237,8513.203125
2238,5129.77978516
2239,4695.68115234
2240,9605.86816406
2241,7623.69970703
2242,9658.59277344
2243,7521.58544922
2244,6540.31835938
2245,8565.64648438
2246,8281.28710938
2247,8589.18359375
2248,9069.89550781
2249,7059.49755859
2250,10004.2460938
2251,11916.2675781
2252,8917.86035156
2253,5845.48144531
2254,6753.91796875
2255,4818.27441406
2256,3946.00488281
2257,9440.32910156
2258,5861.10888672
2259,10028.8652344
2260,5264.18066406
2261,6706.01220703
2262,6674.54638672
2263,10572.390625
2264,5643.4375
2265,5719.72949219
2266,6537.00683594
2267,8651.93554688
2268,5478.36621094
2269,7606.75390625
2270,7675.76611328
2271,8806.515625
2272,8338.55957031
2273,7167.62060547
2274,5878.27441406
2275,5378.10791016
2276,5121.46337891
2277,12700.4316406
2278,10592.6279297
2279,7515.53320312
2280,14729.4033203
2281,6767.71142578
2282,5662.45556641
2283,7327.32421875
2284,9165.95605469
2285,11341.0556641
2286,7822.265625
2287,9753.51660156
2288,9025.96191406
2289,8977.66699219
2290,7331.44873047
2291,6081.11523438
2292,5679.12597656
2293,5469.63574219
2294,4503.99755859
2295,6450.43066406
2296,9149.18652344
2297,17652.6699219
2298,8156.75634766
2299,5650.55322266
2300,8432.74511719
2301,4843.0
2302,6378.81542969
2303,4611.28759766
2304,9771.29980469
2305,7049.31689453
2306,7069.49658203
2307,15085.1972656
2308,11863.9433594
2309,6273.12304688
2310,7602.33691406
2311,4448.57958984
2312,5879.63671875
2313,5931.40283203
2314,8823.85253906
2315,5699.51416016
2316,4811.33447266
2317,6981.73388672
2318,5978.42724609
2319,8278.98144531
2320,7930.09472656
2321,3868.36425781
2322,7677.55224609
2323,9432.17480469
2324,8533.73828125
2325,6429.56445312
2326,5356.89648438
2327,9289.55859375
2328,5448.96826172
2329,10459.3183594
2330,4912.45361328
2331,5479.81396484
2332,7263.55761719
2333,6642.36572266
2334,5337.43359375
2335,6308.00146484
2336,8021.58642578
2337,10265.0615234
2338,11500.4003906
2339,5932.64794922
2340,4394.41357422
2341,6393.02001953
2342,6594.36425781
2343,5433.49609375
2344,7205.36132812
2345,6642.72705078
2346,13144.2353516
2347,8176.62744141
2348,6883.53466797
2349,8657.515625
2350,5674.328125
2351,9750.06640625
2352,6861.11035156
2353,15642.8974609
2354,7031.87695312
2355,6035.4765625
2356,6312.2265625
2357,4622.62353516
2358,7943.04638672
2359,20967.75
2360,4929.49267578
2361,5163.53515625
2362,11291.9892578
2363,7223.77539062
2364,8450.7734375
2365,8853.74609375
2366,7107.41259766
2367,5269.41552734
2368,5489.65429688
2369,10876.7666016
2370,6847.77978516
2371,8093.34228516
2372,8520.48925781
2373,5451.91064453
2374,8045.64648438
2375,7060.97216797
2376,4632.1796875
2377,9610.85351562
2378,9771.79492188
2379,5239.07421875
2380,8029.29443359
2381,7020.10302734
2382,5044.12988281
2383,10093.4941406
2384,6631.90771484
2385,7966.93164062
2386,5136.33056641
2387,5682.1328125
2388,7204.72216797
2389,4442.13427734
2390,8746.53808594
2391,4988.74414062
2392,6749.02392578
2393,5319.51757812
2394,6636.55859375
2395,6716.13232422
2396,7538.03955078
2397,7755.53076172
2398,8892.60839844
2399,6345.05859375
2400,7772.42236328
2401,6907.40185547
2402,10114.3583984
2403,10708.6435547
2404,7385.17431641
2405,3290.74658203
2406,6869.30810547
2407,8124.57275391
2408,4330.07617188
2409,12102.8408203
2410,6317.5390625
2411,7185.91064453
2412,12147.4892578
2413,7482.03173828
2414,5322.65380859
2415,13094.0859375
2416,10762.7783203
2417,5861.82958984
2418,10599.9140625
2419,11498.0976562
2420,6188.34082031
2421,6233.95849609
2422,7646.55175781
2423,6553.47607422
2424,6592.81738281
2425,7657.85009766
2426,5368.35986328
2427,7728.453125
2428,8097.41113281
2429,7536.32861328
2430,9167.390625
2431,6548.05224609
2432,7353.64941406
2433,4510.78662109
2434,8524.26855469
2435,7755.42724609
2436,6523.31005859
2437,7475.97558594
2438,8269.36914062
2439,10738.0068359
2440,6278.24121094
2441,6256.72021484
2442,6962.90673828
2443,7296.20605469
2444,7659.88085938
2445,4939.39111328
2446,5007.68554688
2447,8246.984375
2448,7245.98193359
2449,6843.58105469
2450,8921.17773438
2451,6405.90527344
2452,7509.84375
2453,5530.04833984
2454,3635.6171875
2455,8172.15185547
2456,7131.60742188
2457,8319.8671875
2458,10314.8095703
2459,9830.60351562
2460,5393.6328125
2461,8487.16210938
2462,4650.45117188
2463,3599.68579102
2464,8096.90136719
2465,13877.296875
2466,8034.48095703
2467,8001.07763672
2468,5626.82910156
2469,7734.07177734
2470,9777.0625
2471,7269.20654297
2472,9670.17871094
2473,5654.15966797
2474,5000.96484375
2475,6073.45214844
2476,5758.9921875
2477,6182.59472656
2478,6243.11035156
2479,5702.49951172
2480,4984.26367188
2481,7612.24853516
2482,8700.37695312
2483,6437.35107422
2484,7097.72509766
2485,7850.43554688
2486,6648.66650391
2487,6516.46972656
2488,9349.12988281
2489,8300.39355469
2490,5632.14453125
2491,4293.62597656
2492,14281.1679688
2493,6882.16894531
2494,6889.27539062
2495,9476.9375
2496,8877.13476562
2497,8559.39160156
2498,6431.52734375
2499,8157.57373047
2500,11804.9111328
2501,16176.734375
2502,6359.1875
2503,5950.73828125
2504,5398.92431641
2505,7130.21289062
2506,5917.26464844
2507,8010.28662109
2508,9790.171875
2509,6606.08642578
2510,4660.93603516
2511,6660.68212891
2512,8860.52148438
2513,5701.61816406
2514,8259.80761719
2515,4359.44335938
2516,7086.37451172
2517,9061.28320312
2518,8127.96044922
2519,10188.2314453
2520,7276.19824219
2521,4981.15527344
2522,6225.92431641
2523,8999.28808594
2524,9765.14160156
2525,7929.98876953
2526,8860.96875
2527,7020.27685547
2528,4961.45263672
2529,10673.1699219
2530,4941.93603516
2531,10771.9082031
2532,6607.17675781
2533,5129.53466797
2534,8325.32910156
2535,7055.55957031
2536,8551.06835938
2537,8850.32714844
2538,4564.04785156
2539,5278.13330078
2540,9576.63183594
2541,10143.1162109
2542,10928.1552734
2543,6076.26269531
2544,6912.95849609
2545,7624.8125
2546,7135.69677734
2547,6113.14208984
2548,11024.2675781
2549,9612.54003906
2550,12862.9902344
2551,5033.21972656
2552,6696.66748047
2553,10034.6826172
2554,8709.51074219
2555,6587.85742188
2556,11799.4189453
2557,7359.96435547
2558,6629.74462891
2559,5737.30761719
2560,6053.83398438
2561,5934.37402344
2562,7751.55224609
2563,5803.97412109
2564,5923.27294922
2565,10714.3027344
2566,7003.95068359
2567,22019.4785156
2568,7147.97216797
2569,4983.51708984
2570,9634.02734375
2571,12125.0351562
2572,9230.0234375
2573,9929.6796875
2574,7763.34619141
2575,9140.34179688
2576,10841.0048828
2577,7598.33544922
2578,7408.80224609
2579,8773.11523438
2580,10804.0917969
2581,9674.69042969
2582,10110.4804688
2583,8689.53027344
2584,6324.59960938
2585,8223.8984375
2586,13348.6699219
2587,12936.7607422
2588,13115.1953125
2589,11982.2304688
2590,5437.98632812
2591,7057.41699219
2592,5442.18945312
2593,9932.52148438
2594,14812.9873047
2595,11145.4033203
2596,8855.35058594
2597,7225.73925781
2598,4789.98632812
2599,7979.24365234
2600,13009.8232422
2601,8874.32421875
2602,7014.47363281
2603,7419.98974609
2604,9346.25
2605,4849.91552734
2606,10189.2900391
2607,6247.56005859
2608,9156.9296875
2609,9347.88964844
2610,7195.54003906
2611,9901.10058594
2612,9732.171875
2613,6830.04345703
2614,9012.56835938
2615,9315.90136719
2616,14550.8076172
2617,7728.70361328
2618,11555.7607422
2619,8022.61914062
2620,11179.84375
2621,9598.56933594
2622,13241.7890625
2623,6961.49902344
2624,6397.57666016
2625,8015.07080078
2626,7282.03076172
2627,12602.8984375
2628,11095.4375
2629,8232.3515625
2630,10565.3349609
2631,8835.70996094
2632,12679.6142578
2633,5282.01123047
2634,16764.7089844
2635,6384.40917969
2636,8047.35791016
2637,11015.9628906
2638,6657.96337891
2639,9070.89941406
2640,8196.4375
2641,11061.1601562
2642,7492.87988281
2643,7971.23388672
2644,10163.9287109
2645,9923.0625
2646,10322.6132812
2647,7693.4375
2648,9385.5546875
2649,15311.0986328
2650,8384.93652344
2651,5443.65332031
2652,8893.109375
2653,7173.06445312
2654,8025.69580078
2655,9831.69140625
2656,5266.26513672
2657,12441.5732422
2658,8061.53173828
2659,10112.9296875
2660,9360.3984375
2661,5198.14160156
2662,7123.73486328
2663,7475.78271484
2664,11733.3320312
2665,11020.8613281
2666,6463.703125
2667,6434.49072266
2668,9196.33300781
2669,7779.37890625
2670,8668.40527344
2671,9376.13378906
2672,8691.42871094
2673,9585.76171875
2674,7967.70703125
2675,5685.82519531
2676,10102.1621094
2677,10249.7119141
2678,10079.8046875
2679,11625.4365234
2680,11411.0048828
2681,8032.45800781
2682,11635.2763672
2683,7967.69140625
2684,9785.33691406
2685,12582.625
2686,8451.86816406
2687,13675.0263672
2688,9159.04394531
2689,11111.1103516
2690,7512.05761719
2691,9099.27832031
2692,11497.1328125
2693,9075.43457031
2694,5118.31835938
2695,6308.41064453
2696,11136.3710938
2697,7660.64111328
2698,5421.70800781
2699,12439.6630859
2700,7945.22119141
2701,7067.40673828
2702,8072.96582031
2703,7673.328125
2704,10051.4160156
2705,9621.99804688
2706,9506.9296875
2707,7572.05126953
2708,7259.89355469
2709,9078.81054688
2710,5090.22558594
2711,8500.09960938
2712,7893.49511719
2713,10796.4492188
2714,9638.91699219
2715,7589.86816406
2716,16107.9472656
2717,7333.23925781
2718,6581.68359375
2719,13369.9228516
2720,8733.57617188
2721,12063.8417969
2722,8922.87109375
2723,6507.37597656
2724,8273.43261719
2725,7183.25195312
2726,10472.7744141
2727,16681.40625
2728,7516.07080078
2729,4225.41601562
2730,5798.1640625
2731,11994.796875
2732,12107.8164062
2733,8745.85449219
2734,9824.37988281
2735,6160.28466797
2736,6509.23242188
2737,4212.34472656
2738,6343.66650391
2739,7596.80615234
2740,9945.65136719
2741,9257.08984375
2742,8759.87109375
2743,10182.7910156
2744,11753.5146484
2745,9702.24511719
2746,6959.20898438
2747,11894.0234375
2748,15995.1679688
2749,8594.20703125
2750,9685.03027344
2751,7306.68066406
2752,8726.15625
2753,6929.13867188
2754,9593.04101562
2755,8336.28613281
2756,11488.3525391
2757,9341.77539062
2758,11700.5546875
2759,9844.06738281
2760,6761.40136719
2761,12914.2001953
2762,22081.4316406
2763,14769.2275391
2764,8699.64746094
2765,4515.06103516
2766,8022.06835938
2767,11004.4853516
2768,7574.40625
2769,12982.7900391
2770,20965.4101562
2771,5280.39404297
2772,7811.18652344
2773,9967.94824219
2774,6591.20751953
2775,11832.5966797
2776,9630.38964844
2777,11069.9736328
2778,5598.56689453
2779,8842.58984375
2780,8688.74316406
2781,9762.11621094
2782,14260.3300781
2783,8069.11621094
2784,7389.04248047
2785,8866.02441406
2786,7720.14990234
2787,6820.38916016
2788,9752.40917969
2789,8364.3359375
2790,8057.74169922
2791,10446.7753906
2792,8334.77539062
2793,7778.71142578
2794,9504.07421875
2795,10226.9882812
2796,11483.4003906
2797,9378.70019531
2798,9352.83984375
2799,6786.70996094
2800,5086.06152344
2801,8081.38623047
2802,8646.43164062
2803,9187.39160156
2804,6029.53271484
2805,11538.9541016
2806,10066.5654297
2807,12559.3417969
2808,9061.88867188
2809,8162.95214844
2810,7270.22558594
2811,5588.77148438
2812,14284.4648438
2813,6751.72851562
2814,9192.76367188
2815,19794.2089844
2816,9645.97070312
2817,8161.31689453
2818,6743.52832031
2819,6003.70214844
2820,8971.46972656
2821,5145.05908203
2822,7519.95703125
2823,12968.6201172
2824,6786.96240234
2825,20919.890625
2826,18354.7578125
2827,6305.77587891
2828,9155.38378906
2829,7301.93603516
2830,9093.65625
2831,7507.61621094
2832,15200.2578125
2833,10510.0175781
2834,13286.5849609
2835,6304.57275391
2836,9380.48925781
2837,6908.31835938
2838,10851.9384766
2839,9514.93066406
2840,8428.2265625
2841,8031.34716797
2842,6577.37207031
2843,11519.6220703
2844,11531.78125
2845,7913.93261719
2846,14229.5166016
2847,8017.82324219
2848,12738.1474609
2849,7035.72802734
2850,7623.50341797
2851,8000.89453125
2852,15329.9335938
2853,8036.89501953
2854,10348.3720703
2855,9576.54003906
2856,12293.7636719
2857,6015.12646484
2858,9993.45019531
2859,8771.40039062
2860,5848.57714844
2861,17118.1914062
2862,20335.6777344
2863,10383.390625
2864,9910.60546875
2865,13195.5332031
2866,14054.3007812
2867,14714.3935547
2868,7895.85986328
2869,11124.8740234
2870,8204.55566406
2871,11294.9833984
2872,5077.21533203
2873,8117.609375
2874,7544.99511719
2875,7285.42773438
2876,9830.24707031
2877,6881.00732422
2878,7456.88232422
2879,9422.5078125
2880,5472.79882812
2881,6513.77880859
2882,8129.8359375
2883,9526.06347656
2884,13105.3300781
2885,11322.4980469
2886,9342.53320312
2887,8246.16601562
2888,8220.48046875
2889,14905.5
2890,9887.04101562
2891,7662.59179688
2892,6948.21240234
2893,10249.9462891
2894,5608.578125
2895,9407.26953125
2896,4558.61816406
2897,7088.2734375
2898,11149.9853516
2899,8534.09570312
2900,7586.95898438
2901,12121.2304688
2902,11956.0888672
2903,14822.4130859
2904,8038.69677734
2905,11799.3955078
2906,4289.72900391
2907,6907.44189453
2908,8453.18359375
2909,6134.81298828
2910,9036.58203125
2911,6989.99609375
2912,6583.60498047
2913,11756.2382812
2914,14950.3476562
2915,10256.7138672
2916,7330.95214844
2917,6595.12548828
2918,11203.6689453
2919,9932.69238281
2920,8032.32763672
2921,7538.60791016
2922,9366.92675781
2923,13147.859375
2924,5820.96142578
2925,8576.84765625
2926,11412.703125
2927,11290.3417969
2928,16576.5742188
2929,7210.08398438
2930,16880.6132812
2931,9137.96289062
2932,6797.2109375
2933,4817.16210938
2934,8282.89160156
2935,8807.99414062
2936,8392.68164062
2937,8320.90722656
2938,7028.56494141
2939,6540.68652344
2940,9360.31738281
2941,4911.67138672
2942,9353.66015625
2943,10303.71875
2944,10215.0566406
2945,12115.2666016
2946,7897.18554688
2947,11018.8847656
2948,7534.51708984
2949,7220.42089844
2950,7469.57470703
2951,6991.25634766
2952,14097.796875
2953,8949.04589844
2954,6302.95556641
2955,10396.3017578
2956,11965.1005859
2957,9782.77050781
2958,8951.23828125
2959,11153.8994141
2960,6911.91699219
2961,6229.69677734
2962,8263.66113281
2963,10702.8232422
2964,8534.73144531
2965,8865.07714844
2966,8165.11621094
2967,7008.91601562
2968,5308.36621094
2969,6809.26074219
2970,11062.0888672
2971,10890.6035156
2972,12726.3564453
2973,15172.6660156
2974,10619.9306641
2975,7506.10546875
2976,6148.77880859
2977,13379.65625
2978,13899.3505859
2979,11458.0195312
2980,11222.5126953
2981,10923.8925781
2982,7541.38330078
2983,5593.421875
2984,12742.1445312
2985,9876.41796875
2986,9088.78222656
2987,8141.57714844
2988,4301.58349609
2989,15233.5214844
2990,8298.16796875
2991,6841.80566406
2992,6017.32958984
2993,6742.7890625
2994,8211.47558594
2995,12875.140625
2996,8356.50683594
2997,6651.93994141
2998,6728.828125
2999,5859.32568359
3000,4010.1418457
3001,9322.6484375
3002,19595.7988281
3003,5290.10351562
3004,7513.8203125
3005,9588.89746094
3006,7153.27783203
3007,7493.68017578
3008,6584.484375
3009,5543.99658203
3010,10180.6064453
3011,9498.546875
3012,5785.42480469
3013,12354.4384766
3014,9083.86816406
3015,6419.69824219
3016,11749.6025391
3017,11120.2265625
3018,11399.3007812
3019,8415.26953125
3020,8860.61425781
3021,6149.55322266
3022,6523.98193359
3023,18863.8847656
3024,14277.8857422
3025,8056.35058594
3026,7906.97607422
3027,6494.33007812
3028,7990.07324219
3029,5677.45751953
3030,11616.4267578
3031,6501.35205078
3032,7006.56347656
3033,9308.88476562
3034,6117.80273438
3035,8818.87109375
3036,9523.13769531
3037,10399.0488281
3038,9696.00976562
3039,6161.93652344
3040,7150.41992188
3041,9458.98535156
3042,12453.9453125
3043,10815.4023438
3044,9449.29199219
3045,6444.06005859
3046,10223.5458984
3047,7445.17773438
3048,5783.80273438
3049,9093.43847656
3050,9752.50292969
3051,9247.27734375
3052,8942.14257812
3053,8355.0078125
3054,8677.87695312
3055,7401.55566406
3056,8900.43945312
3057,8065.69238281
3058,9288.18554688
3059,12030.8525391
3060,7329.70068359
3061,6106.1953125
3062,15739.1376953
3063,7991.38378906
3064,4207.84716797
3065,9723.79296875
3066,10744.9931641
3067,13677.2832031
3068,5784.72412109
3069,8122.31005859
3070,7855.57421875
3071,9438.0859375
3072,7512.67333984
3073,12693.9287109
3074,4153.38916016
3075,8167.484375
3076,8119.95556641
3077,7443.06884766
3078,7341.84033203
3079,9107.27441406
3080,11790.5429688
3081,7450.75390625
3082,10918.8300781
3083,10472.8134766
3084,12440.6484375
3085,6139.20947266
3086,8792.45703125
3087,8202.45117188
3088,10799.5390625
3089,10878.9863281
3090,5104.08691406
3091,9241.30761719
3092,10140.3017578
3093,10660.1777344
3094,5952.99707031
3095,4969.05908203
3096,12526.9931641
3097,9059.47753906
3098,11585.0371094
3099,9404.1484375
3100,7306.99414062
3101,10911.1787109
3102,9782.55566406
3103,10574.0039062
3104,10064.4628906
3105,8969.10058594
3106,11351.3681641
3107,14083.8613281
3108,9394.32226562
3109,6723.47119141
3110,8256.87792969
3111,6119.28515625
3112,4461.23046875
3113,11553.4121094
3114,7232.50341797
3115,11636.4970703
3116,6728.00634766
3117,8208.5859375
3118,8099.22607422
3119,11861.6123047
3120,6818.02148438
3121,6854.77832031
3122,8141.81787109
3123,9757.05273438
3124,7423.16113281
3125,9132.70898438
3126,8882.39355469
3127,9664.64648438
3128,10417.0566406
3129,8415.71875
3130,7031.36767578
3131,6270.43701172
3132,6277.59423828
3133,15239.0283203
3134,12238.7675781
3135,8860.05566406
3136,15413.703125
3137,7888.80664062
3138,7118.06347656
3139,8779.20117188
3140,11045.4111328
3141,14652.2021484
3142,9928.13671875
3143,11461.4951172
3144,11535.71875
3145,9769.74511719
3146,9543.35058594
3147,7740.51416016
3148,6927.09667969
3149,6704.3046875
3150,5254.65917969
3151,8370.10644531
3152,11534.4863281
3153,19927.1972656
3154,9967.73925781
3155,6563.68505859
3156,10123.8837891
3157,6473.00683594
3158,8032.55029297
3159,5148.83935547
3160,11839.9677734
3161,8917.57910156
3162,8676.03125
3163,18483.3613281
3164,12783.3613281
3165,7519.67041016
3166,9223.72265625
3167,5142.45849609
3168,6585.67724609
3169,6732.85351562
3170,11213.9960938
3171,7058.17089844
3172,6046.85107422
3173,7524.89355469
3174,7225.56738281
3175,9766.06445312
3176,10736.234375
3177,3902.81225586
3178,9632.40039062
3179,11237.9257812
3180,10804.7626953
3181,8514.4453125
3182,6531.44140625
3183,11136.4775391
3184,6440.83398438
3185,12556.4902344
3186,6366.70703125
3187,7066.10595703
3188,9103.85253906
3189,7984.3671875
3190,6256.39160156
3191,8466.50488281
3192,10244.1611328
3193,12095.7783203
3194,13737.4335938
3195,7169.40478516
3196,5158.41503906
3197,7512.89550781
3198,7683.53027344
3199,6130.66552734
3200,9231.83789062
3201,7862.57568359
3202,14958.2060547
3203,10470.2861328
3204,8177.40771484
3205,9904.03710938
3206,6359.50292969
3207,11603.9023438
3208,7757.75048828
3209,17029.7539062
3210,8884.28320312
3211,7516.57275391
3212,8073.18115234
3213,5183.56005859
3214,9018.16601562
3215,23256.9492188
3216,6317.94873047
3217,6038.92578125
3218,13097.1210938
3219,8419.4765625
3220,9888.84082031
3221,10809.0810547
3222,9107.09179688
3223,6836.39160156
3224,6266.20410156
3225,12162.9433594
3226,8177.78173828
3227,9309.38183594
3228,10071.1943359
3229,6279.46875
3230,10139.6738281
3231,8114.23486328
3232,4849.36474609
3233,10619.1904297
3234,10796.3769531
3235,5841.44628906
3236,10020.4130859
3237,9065.61523438
3238,6292.79785156
3239,12386.5302734
3240,8607.82421875
3241,9575.31738281
3242,6467.81640625
3243,6924.80419922
3244,7828.48291016
3245,5560.87548828
3246,10313.5693359
3247,6127.36865234
3248,7661.07910156
3249,6398.3515625
3250,8416.20117188
3251,7244.97998047
3252,8797.83496094
3253,9965.65820312
3254,11031.1142578
3255,8022.97900391
3256,9213.89257812
3257,7456.07226562
3258,11748.6279297
3259,12707.2167969
3260,8448.04101562
3261,3922.15234375
3262,7775.80371094
3263,10052.8544922
3264,4765.19970703
3265,14935.4267578
3266,7825.99658203
3267,8465.91503906
3268,14192.8408203
3269,7635.06591797
3270,6637.88818359
3271,15010.0244141
3272,13061.1455078
3273,6755.26416016
3274,11313.0966797
3275,12343.6152344
3276,8192.61425781
3277,6800.38183594
3278,9259.88867188
3279,7489.60742188
3280,7138.90283203
3281,9388.83203125
3282,6539.55761719
3283,7710.29638672
3284,10438.0917969
3285,8965.57617188
3286,12289.7314453
3287,7425.21484375
3288,8409.484375
3289,4971.68066406
3290,9576.52246094
3291,9348.30859375
3292,8003.55078125
3293,8528.08300781
3294,10372.0380859
3295,12584.8574219
3296,8053.43896484
3297,7035.97607422
3298,8612.88378906
3299,8847.06933594
3300,8598.96289062
3301,5560.87011719
3302,5808.00585938
3303,9059.56445312
3304,7647.04785156
3305,8564.28222656
3306,10820.9423828
3307,7727.07470703
3308,9086.57226562
3309,7242.76171875
3310,4025.94848633
3311,10257.1054688
3312,8528.67773438
3313,9871.76660156
3314,12123.5546875
3315,11388.3681641
3316,6264.19628906
3317,10223.1855469
3318,4806.12402344
3319,3951.85107422
3320,9764.49902344
3321,15117.5605469
3322,9705.61425781
3323,9977.86914062
3324,7119.95117188
3325,9796.61816406
3326,11900.5927734
3327,8698.56054688
3328,11439.4785156
3329,6335.44335938
3330,5918.96386719
3331,6990.32958984
3332,7228.34521484
3333,7308.24853516
3334,8087.38476562
3335,7676.83496094
3336,5814.59130859
3337,8819.09863281
3338,10254.3466797
3339,8006.67382812
3340,8016.73730469
3341,9981.43945312
3342,7733.40820312
3343,7377.57080078
3344,12002.3496094
3345,10080.8427734
3346,7328.71533203
3347,5342.46044922
3348,16273.6972656
3349,8580.43945312
3350,8952.07519531
3351,12531.4746094
3352,10280.296875
3353,10798.34375
3354,7779.08935547
3355,9464.14648438
3356,13417.2001953
3357,18754.1542969
3358,7846.58789062
3359,7710.86279297
3360,6358.77539062
3361,8204.15625
3362,7685.02539062
3363,8705.10058594
3364,12064.3701172
3365,7257.76806641
3366,5533.578125
3367,8147.81542969
3368,10480.6474609
3369,6903.45654297
3370,10592.6181641
3371,4693.81787109
3372,9181.54785156
3373,10138.0585938
3374,9960.59277344
3375,11621.6455078
3376,8766.12304688
3377,6030.35546875
3378,7644.07226562
3379,10098.5683594
3380,11295.5986328
3381,9654.87109375
3382,11252.1796875
3383,8618.79199219
3384,6362.88867188
3385,12075.8251953
3386,5527.11621094
3387,12185.1787109
3388,8088.97412109
3389,6094.63964844
3390,10310.1181641
3391,8061.30078125
3392,10278.8261719
3393,9897.62597656
3394,5665.60449219
3395,6837.91748047
3396,11626.2246094
3397,11943.7226562
3398,12714.1630859
3399,6895.32324219
3400,7679.73486328
3401,9887.50195312
3402,8856.85449219
3403,7226.96630859
3404,13335.4365234
3405,12140.8417969
3406,13938.8447266
3407,5991.79150391
3408,8251.08300781
3409,10377.7373047
3410,10826.3730469
3411,7731.86669922
3412,14845.9970703
3413,8411.67480469
3414,8097.49658203
3415,7526.19287109
3416,7827.7734375
3417,6748.98535156
3418,9128.56347656
3419,7280.66943359
3420,7380.03369141
3421,14478.7119141
3422,7973.13476562
3423,24297.2519531
3424,9124.75097656
3425,3715.41479492
3426,3386.5324707
3427,3203.92529297
3428,3095.58056641
3429,4982.24853516
3430,4233.98144531
3431,5736.66699219
3432,4338.35253906
3433,4134.93945312
3434,2883.43994141
3435,5033.37353516
3436,3938.29223633
3437,3610.36694336
3438,4880.31152344
3439,4921.58105469
3440,3122.88378906
3441,3633.72387695
3442,3547.73876953
3443,9019.74023438
3444,4589.72363281
3445,5664.54541016
3446,3161.36523438
3447,4043.30615234
3448,2053.4230957
3449,3961.98974609
3450,5002.90234375
3451,6459.00097656
3452,5471.21191406
3453,2221.67236328
3454,3818.05493164
3455,4887.70507812
3456,5865.07910156
3457,3686.0222168
3458,5396.90087891
3459,4196.02246094
3460,4055.51245117
3461,2219.54638672
3462,6174.68554688
3463,3914.25854492
3464,5990.85449219
3465,5026.68994141
3466,2397.26660156
3467,7255.45605469
3468,5068.48583984
3469,3899.57470703
3470,3497.7824707
3471,6264.11230469
3472,7442.96240234
3473,5428.41455078
3474,4363.12939453
3475,7299.7421875
3476,6363.62304688
3477,5342.12451172
3478,4369.37646484
3479,2075.35229492
3480,2151.70068359
3481,4103.26611328
3482,3919.10058594
3483,4141.34667969
3484,6764.02001953
3485,3914.29589844
3486,7548.38574219
3487,7572.17480469
3488,3221.22851562
3489,2629.9753418
3490,10407.8105469
3491,2884.17578125
3492,3967.76123047
3493,4846.20703125
3494,3913.29150391
3495,5187.16601562
3496,2427.29931641
3497,4515.57373047
3498,3620.36181641
3499,4720.94335938
3500,7298.85839844
3501,5855.62695312
3502,4682.73193359
3503,2915.72802734
3504,5965.77001953
3505,9566.33496094
3506,3983.16137695
3507,2131.78027344
3508,5789.98486328
3509,5173.33056641
3510,4834.87597656
3511,8091.33544922
3512,1948.94421387
3513,6562.85253906
3514,3147.42651367
3515,5263.56298828
3516,3255.96655273
3517,2177.81860352
3518,4077.35888672
3519,4359.40136719
3520,6660.64404297
3521,5607.41162109
3522,3963.41088867
3523,4126.54296875
3524,6212.32226562
3525,5644.32568359
3526,4544.81542969
3527,4145.89208984
3528,4153.42871094
3529,5022.83642578
3530,4198.72119141
3531,2628.67211914
3532,5048.1875
3533,4254.97851562
3534,6646.97363281
3535,5751.20263672
3536,4954.84082031
3537,3402.31176758
3538,4437.13330078
3539,2847.53076172
3540,2888.77587891
3541,4515.5390625
3542,5819.49609375
3543,4557.40087891
3544,7186.93896484
3545,6247.68554688
3546,4017.45117188
3547,4510.34326172
3548,6505.80615234
3549,3823.32861328
3550,2570.13720703
3551,3660.27563477
3552,3949.88012695
3553,3980.74194336
3554,2584.61132812
3555,3625.90551758
3556,5285.15087891
3557,5331.18017578
3558,5371.06396484
3559,2561.50463867
3560,4557.16601562
3561,5109.04541016
3562,2673.6340332
3563,4782.04785156
3564,3208.72143555
3565,4934.79980469
3566,3205.20336914
3567,2900.07910156
3568,3877.51147461
3569,4090.19042969
3570,5185.69677734
3571,6057.58837891
3572,12305.4130859
3573,3695.13354492
3574,3925.79077148
3575,9024.92871094
3576,4458.28662109
3577,7077.03955078
3578,5140.8203125
3579,4629.92236328
3580,5735.78662109
3581,4056.91308594
3582,3513.31225586
3583,7646.35498047
3584,2600.59985352
3585,2404.96728516
3586,2378.73364258
3587,5646.73291016
3588,6429.84033203
3589,5158.73046875
3590,4802.32470703
3591,4098.89306641
3592,2035.73608398
3593,1605.06018066
3594,2992.16015625
3595,3909.59790039
3596,6137.45849609
3597,4208.64160156
3598,4732.97314453
3599,6951.28808594
3600,4393.49169922
3601,5310.00732422
3602,4445.11425781
3603,4978.21484375
3604,7660.64794922
3605,3280.08398438
3606,5252.22363281
3607,3419.21166992
3608,5650.98388672
3609,3045.55004883
3610,4326.53320312
3611,4088.55224609
3612,5054.51416016
3613,5037.91748047
3614,4859.98779297
3615,5618.17822266
3616,3567.35424805
3617,5655.24902344
3618,18168.1777344
3619,5658.68652344
3620,2795.20214844
3621,2720.23779297
3622,5452.91455078
3623,5431.43896484
3624,3878.44018555
3625,16036.8681641
3626,27841.3554688
3627,3987.90991211
3628,2421.38745117
3629,8325.55859375
3630,2840.27319336
3631,4980.81787109
3632,2954.53686523
3633,4193.69384766
3634,7198.10058594
3635,5377.99462891
3636,4816.79443359
3637,3506.66918945
3638,6332.84521484
3639,5272.65820312
3640,4536.68115234
3641,5496.23535156
3642,4822.07177734
3643,5693.98193359
3644,6169.98779297
3645,4284.70703125
3646,5393.86914062
3647,3572.8984375
3648,3306.34130859
3649,4631.00439453
3650,3969.19970703
3651,4311.32275391
3652,6236.90234375
3653,4256.6796875
3654,4894.67041016
3655,3229.75805664
3656,3425.6496582
3657,3013.2890625
3658,4476.47412109
3659,5447.51318359
3660,2513.13305664
3661,4290.12207031
3662,4767.60009766
3663,3094.42041016
3664,4343.88085938
3665,3739.42993164
3666,2750.22924805
3667,1982.36462402
3668,6245.74902344
3669,5341.40576172
3670,3857.19921875
3671,12674.5605469
3672,6150.49169922
3673,3088.85205078
3674,5059.84423828
3675,2154.34863281
3676,3574.38500977
3677,3220.91210938
3678,2989.22729492
3679,7635.59082031
3680,3891.71508789
3681,7893.51074219
3682,11232.8574219
3683,4924.70849609
3684,3992.58789062
3685,3643.65844727
3686,3721.4309082
3687,4376.97705078
3688,8327.65527344
3689,4864.95507812
3690,5513.96289062
3691,2806.10180664
3692,4416.29833984
3693,4821.01416016
3694,4960.63378906
3695,5861.13085938
3696,4812.578125
3697,5564.02148438
3698,8405.17089844
3699,5528.01757812
3700,4702.51660156
3701,5730.34521484
3702,7159.80371094
3703,5604.55078125
3704,7050.56738281
3705,2767.01586914
3706,5091.84277344
3707,4010.05786133
3708,5568.39648438
3709,5995.72509766
3710,6729.80371094
3711,5370.52099609
3712,4391.03173828
3713,4255.53417969
3714,4738.55664062
3715,5363.625
3716,2749.47241211
3717,11952.3720703
3718,16482.4140625
3719,5999.18603516
3720,5253.04541016
3721,5748.96484375
3722,6641.45361328
3723,6923.39111328
3724,2309.60351562
3725,3566.95947266
3726,4334.91113281
3727,6859.01611328
3728,2233.94726562
3729,3468.93945312
3730,4572.8203125
3731,4372.94580078
3732,4143.34570312
3733,2575.0715332
3734,2628.05151367
3735,6071.546875
3736,3584.64257812
3737,3754.57788086
3738,4845.97070312
3739,4103.14892578
3740,5979.13427734
3741,8341.734375
3742,3723.27001953
3743,6296.92871094
3744,5745.35742188
3745,10034.7880859
3746,3357.10449219
3747,2487.41381836
3748,4131.59228516
3749,7000.81884766
3750,3406.72875977
3751,5377.81542969
3752,1760.30761719
3753,3137.06103516
3754,4715.31347656
3755,6029.09570312
3756,4564.36621094
3757,6432.55810547
3758,5528.71435547
3759,9182.37988281
3760,1882.42431641
3761,6231.44970703
3762,1776.01867676
3763,3145.19360352
3764,5660.23046875
3765,4407.72167969
3766,9490.00683594
3767,2124.79711914
3768,3611.57958984
3769,2997.76025391
3770,7900.71142578
3771,6453.08300781
3772,4599.64599609
3773,2145.65014648
3774,4061.14892578
3775,7601.12646484
3776,3593.37280273
3777,3979.58374023
3778,7484.00878906
3779,4680.88720703
3780,3259.88891602
3781,3874.90844727
3782,7145.17724609
3783,3305.05175781
3784,9997.82617188
3785,6276.60058594
3786,11800.859375
3787,5851.38916016
3788,3778.03149414
3789,1909.03210449
3790,5651.37207031
3791,5280.38427734
3792,3771.67944336
3793,5678.99023438
3794,4398.66162109
3795,2381.62792969
3796,5459.27929688
3797,2653.97802734
3798,5882.44189453
3799,6487.20410156
3800,6867.78173828
3801,4892.66845703
3802,4167.69238281
3803,5171.45117188
3804,5506.58837891
3805,5076.97265625
3806,5824.86035156
3807,2651.74707031
3808,9135.61816406
3809,6507.74902344
3810,3002.53710938
3811,3808.33178711
3812,4929.44580078
3813,4335.51513672
3814,3623.22924805
3815,3090.22827148
3816,4514.50146484
3817,7488.34277344
3818,4048.59350586
3819,6079.19042969
3820,3374.87402344
3821,2316.49438477
3822,4884.03271484
3823,4444.32519531
3824,2346.09765625
3825,4332.24511719
3826,6756.09570312
3827,2563.56298828
3828,8225.85253906
3829,5977.91992188
3830,5445.72607422
3831,4747.31542969
3832,3431.81201172
3833,8943.30273438
3834,4543.46289062
3835,6011.16845703
3836,3593.35253906
3837,3138.67138672
3838,4099.90136719
3839,2089.43408203
3840,10177.984375
3841,5568.32226562
3842,4323.98388672
3843,4336.49902344
3844,1276.03234863
3845,5919.29638672
3846,5290.61816406
3847,3835.58056641
3848,3183.1875
3849,4825.30224609
3850,4634.34960938
3851,3495.734375
3852,8447.58984375
3853,3994.11547852
3854,3344.50390625
3855,2975.60449219
3856,2422.98657227
3857,4012.85888672
3858,19468.34375
3859,3138.8840332
3860,4607.77001953
3861,3918.734375
3862,3411.11230469
3863,2895.24682617
3864,4779.41162109
3865,2179.47753906
3866,8732.51757812
3867,4989.63867188
3868,2571.70922852
3869,5940.59814453
3870,2027.35949707
3871,3045.1550293
3872,6035.00488281
3873,4620.24316406
3874,7848.15234375
3875,2231.58496094
3876,3601.03881836
3877,3437.95898438
3878,3339.26293945
3879,14754.515625
3880,7990.64453125
3881,3370.3762207
3882,2407.33398438
3883,4464.01855469
3884,3787.40600586
3885,2201.29541016
3886,5551.53759766
3887,4099.04150391
3888,4666.15380859
3889,5386.16748047
3890,4354.95458984
3891,4484.20117188
3892,5317.92480469
3893,6229.13183594
3894,6325.98095703
3895,2245.5090332
3896,5064.0546875
3897,6125.80273438
3898,7099.09277344
3899,3111.81518555
3900,6342.63818359
3901,1935.45422363
3902,7072.140625
3903,4196.12646484
3904,2051.57226562
3905,3327.52880859
3906,3132.68261719
3907,4067.36767578
3908,5547.14941406
3909,3081.87036133
3910,5328.21630859
3911,3963.10864258
3912,5658.90234375
3913,7058.45361328
3914,4438.19140625
3915,5120.97460938
3916,5300.46289062
3917,2129.54125977
3918,8712.51855469
3919,2896.42529297
3920,2800.19970703
3921,4428.44824219
3922,6589.98828125
3923,8045.07080078
3924,3608.5078125
3925,2837.82739258
3926,5084.82470703
3927,5344.47412109
3928,3498.14257812
3929,5971.57714844
3930,2455.74609375
3931,3601.70556641
3932,3198.20874023
3933,2978.75146484
3934,2420.50610352
3935,6215.47558594
3936,4254.45068359
3937,4762.99609375
3938,5056.58740234
3939,6454.16650391
3940,4551.37548828
3941,3825.57592773
3942,4196.32666016
3943,3991.42626953
3944,5664.98925781
3945,4201.88623047
3946,1781.27050781
3947,12501.7617188
3948,5731.52587891
3949,5040.86865234
3950,5169.18261719
3951,2321.13598633
3952,8668.07421875
3953,2621.0456543
3954,5556.26806641
3955,4066.52148438
3956,3935.88476562
3957,5740.04443359
3958,3427.50634766
3959,3893.5456543
3960,6121.59716797
3961,2343.51025391
3962,5116.90722656
3963,7644.57568359
3964,4595.33984375
3965,2138.50415039
3966,4097.27050781
3967,3359.53930664
3968,2018.80444336
3969,3846.70141602
3970,5413.4609375
3971,3001.45458984
3972,4038.29125977
3973,4504.14794922
3974,4168.61865234
3975,7539.24023438
3976,4496.28808594
3977,5020.27880859
3978,3452.03759766
3979,4480.01074219
3980,5177.94628906
3981,3908.94506836
3982,5452.24853516
3983,6927.23535156
3984,6632.52783203
3985,4125.71630859
3986,3329.65649414
3987,2406.61401367
3988,4144.09277344
3989,7137.15332031
3990,4189.88720703
3991,3327.96679688
3992,15386.0332031
3993,2623.84887695
3994,3745.09155273
3995,3813.89404297
3996,4925.64355469
3997,6029.79736328
3998,7087.53027344
3999,5653.89550781
4000,5131.73242188
4001,6574.0234375
4002,5353.32128906
4003,4173.46875
4004,1795.65673828
4005,4016.12939453
4006,2768.5300293
4007,2566.59887695
4008,4050.03833008
4009,14979.2783203
4010,4477.23828125
4011,2267.04663086
4012,3764.65551758
4013,3657.44848633
4014,3743.07714844
4015,1639.81872559
4016,3246.54418945
4017,5821.76660156
4018,2383.30761719
4019,9594.15820312
4020,12071.0117188
4021,2470.03369141
4022,3868.36035156
4023,3169.703125
4024,3595.828125
4025,3230.14013672
4026,5624.27441406
4027,3221.96313477
4028,3769.20849609
4029,4389.25683594
4030,4409.31982422
4031,3702.62451172
4032,6354.35546875
4033,2361.19775391
4034,6725.53613281
4035,5034.5546875
4036,3802.18286133
4037,2595.03686523
4038,3145.60473633
4039,3464.81860352
4040,3962.59814453
4041,6124.10839844
4042,3418.26586914
4043,2380.77832031
4044,4819.91064453
4045,4083.55175781
4046,4466.42480469
4047,3659.98925781
4048,5197.7109375
4049,7495.00244141
4050,3711.32714844
4051,4794.04980469
4052,3130.1315918
4053,3793.96191406
4054,5122.27441406
4055,3150.32836914
4056,4181.10351562
4057,3923.25634766
4058,9056.04785156
4059,5637.96533203
4060,2704.37451172
4061,4097.28222656
4062,4001.15112305
4063,3129.96142578
4064,5101.07421875
4065,8806.3984375
4066,6097.49462891
4067,3974.88696289
4068,3821.04614258
4069,1525.75622559
4070,3428.95507812
4071,20316.8710938
4072,1885.1439209
4073,4036.24633789
4074,3750.76928711
4075,5653.57226562
4076,4530.85986328
4077,5782.26953125
4078,4879.33886719
4079,4531.76806641
4080,2740.9987793
4081,5168.72363281
4082,3422.79467773
4083,5501.32275391
4084,7105.1484375
4085,3438.84472656
4086,6286.48632812
4087,5184.203125
4088,2992.51416016
4089,4006.12744141
4090,2321.25
4091,2496.96044922
4092,7259.734375
4093,5362.90380859
4094,2242.11499023
4095,6905.92041016
4096,6955.06152344
4097,3003.26196289
4098,4053.16870117
4099,2623.67236328
4100,3380.02929688
4101,2648.04956055
4102,4611.90332031
4103,1948.55932617
4104,4589.46972656
4105,2467.30175781
4106,4405.39306641
4107,5042.5234375
4108,3027.67944336
4109,5023.10009766
4110,6231.87158203
4111,4832.18359375
4112,6008.8125
4113,4446.8359375
4114,3937.63476562
4115,5419.11279297
4116,5589.24560547
4117,3664.40527344
4118,4712.73242188
4119,3763.15478516
4120,3251.09375
4121,9672.24511719
4122,4883.38964844
4123,4634.77880859
4124,7806.99316406
4125,5177.4921875
4126,1748.80505371
4127,7630.25390625
4128,5550.88037109
4129,5193.66650391
4130,5393.15429688
4131,4921.23388672
4132,7389.38769531
4133,4367.15136719
4134,3718.17333984
4135,2850.84130859
4136,4673.09375
4137,5972.08984375
4138,2163.5222168
4139,8526.48925781
4140,5472.59521484
4141,4248.66357422
4142,5215.20654297
4143,3209.2265625
4144,5848.14746094
4145,1614.92419434
4146,3692.54711914
4147,3763.41333008
4148,2254.17260742
4149,4558.42236328
4150,6201.26953125
4151,5509.19921875
4152,4960.18945312
4153,3293.41577148
4154,5046.60791016
4155,5341.72705078
4156,7251.19482422
4157,2104.11547852
4158,2227.43066406
4159,7012.99560547
4160,10870.1494141
4161,3640.78149414
4162,5786.00439453
4163,6127.05322266
4164,4620.03125
4165,3094.86914062
4166,1247.41125488
4167,6009.56347656
4168,4417.46582031
4169,4829.64892578
4170,8843.00292969
4171,4020.0769043
4172,2811.87792969
4173,2915.29125977
4174,2274.05883789
4175,852.075561523
4176,4888.58154297
4177,9053.30175781
4178,3904.81958008
4179,3661.23583984
4180,2553.94628906
4181,4475.30419922
4182,6612.83837891
4183,5256.22802734
4184,6767.31152344
4185,3339.17358398
4186,3702.57861328
4187,2758.16577148
4188,5356.67675781
4189,2721.16308594
4190,2237.25341797
4191,3575.74584961
4192,3286.3449707
4193,4757.42871094
4194,3449.92431641
4195,3586.12011719
4196,4903.72753906
4197,5717.42773438
4198,3958.20825195
4199,3349.1171875
4200,5455.265625
4201,4704.97070312
4202,5315.34326172
4203,1773.31518555
4204,4065.56347656
4205,4363.30371094
4206,3239.56445312
4207,4862.41748047
4208,6728.53955078
4209,4151.27392578
4210,5014.35839844
4211,4544.38232422
4212,5896.56445312
4213,9404.2109375
4214,2791.81884766
4215,2662.75170898
4216,3053.46020508
4217,3848.72729492
4218,4768.40087891
4219,4756.26318359
4220,3978.3503418
4221,5310.265625
4222,2415.05322266
4223,5506.54101562
4224,3496.55151367
4225,2973.62939453
4226,5250.87109375
4227,2751.81054688
4228,5538.18798828
4229,5150.20507812
4230,3800.64526367
4231,4402.50292969
4232,2683.96630859
4233,4084.3112793
4234,5430.23242188
4235,3365.80737305
4236,7251.62353516
4237,3597.50927734
4238,7309.21044922
4239,4622.46484375
4240,2605.94580078
4241,5144.20019531
4242,2452.79370117
4243,7643.78808594
4244,4763.06396484
4245,4032.75585938
4246,5559.65576172
4247,3925.40136719
4248,3342.96313477
4249,4244.46679688
4250,2289.38354492
4251,2595.52368164
4252,5360.11669922
4253,3375.79174805
4254,6383.44140625
4255,4958.69873047
4256,4517.72363281
4257,3017.54077148
4258,5288.38330078
4259,2479.67773438
4260,8278.16894531
4261,3903.64648438
4262,11149.9736328
4263,4865.73046875
4264,3672.52368164
4265,12682.8808594
4266,4385.60302734
4267,2404.97070312
4268,6733.52099609
4269,5035.73144531
4270,4504.14355469
4271,5151.52099609
4272,4085.40625
4273,2334.83886719
4274,3911.20532227
4275,2801.53198242
4276,2533.5703125
4277,5349.21191406
4278,4235.52050781
4279,22842.3632812
4280,6388.375
4281,4249.59619141
4282,3885.86499023
4283,5997.36083984
4284,3552.06665039
4285,5934.56640625
4286,4868.12109375
4287,5652.26123047
4288,5944.14013672
4289,4444.68994141
4290,3221.1640625
4291,5304.11474609
4292,5281.71875
4293,4259.11669922
4294,5626.58154297
4295,5483.94482422
4296,3209.34594727
4297,4296.38330078
4298,6842.28222656
4299,7732.66308594
4300,6244.47998047
4301,6814.58886719
4302,3162.26733398
4303,5260.84277344
4304,2092.73803711
4305,7597.17626953
4306,7712.62792969
4307,9278.35644531
4308,5802.64550781
4309,2384.296875
4310,4261.01025391
4311,5796.83203125
4312,7244.10205078
4313,3828.70092773
4314,5769.73583984
4315,4503.25830078
4316,5448.04785156
4317,2342.46972656
4318,7474.1640625
4319,4193.11376953
4320,7723.14746094
4321,6092.96582031
4322,3371.32788086
4323,8475.86035156
4324,6216.62597656
4325,4649.36816406
4326,3597.23461914
4327,7216.16601562
4328,10224.7744141
4329,5833.68994141
4330,5247.25634766
4331,8002.27587891
4332,7456.10791016
4333,5686.91552734
4334,6359.1875
4335,2117.79223633
4336,2411.82373047
4337,4294.47021484
4338,5996.05615234
4339,8622.86230469
4340,7526.87451172
4341,3990.43261719
4342,7965.79199219
4343,8046.22949219
4344,5272.41699219
4345,2701.62670898
4346,10196.2216797
4347,3100.44848633
4348,4172.27050781
4349,6748.88232422
4350,3895.53320312
4351,5411.12207031
4352,2821.1105957
4353,5513.46289062
4354,4968.02539062
4355,6054.3828125
4356,8047.61132812
4357,6787.33105469
4358,4931.41162109
4359,3163.0546875
4360,7662.51123047
4361,12224.453125
4362,5010.59130859
4363,2626.59765625
4364,6330.89404297
4365,5816.57128906
4366,6481.28564453
4367,9593.3984375
4368,2054.54492188
4369,7382.62451172
4370,4429.97753906
4371,5867.64746094
4372,6697.23583984
4373,2352.60229492
4374,4332.42236328
4375,4844.91699219
4376,7406.52734375
4377,6950.52539062
4378,4139.88085938
4379,4405.86376953
4380,7074.87988281
4381,6127.39794922
4382,5096.00683594
4383,5492.87548828
4384,4023.06152344
4385,6148.83740234
4386,4383.93847656
4387,2873.47998047
4388,5224.20849609
4389,5922.09228516
4390,5974.79589844
4391,6883.31152344
4392,7742.24267578
4393,3835.50756836
4394,7408.26513672
4395,3010.96166992
4396,3253.6875
4397,7838.08349609
4398,6273.3203125
4399,6988.44287109
4400,9202.90527344
4401,6580.04541016
4402,4975.88867188
4403,6597.77441406
4404,7066.52392578
4405,4027.98461914
4406,2567.21850586
4407,4707.6328125
4408,4524.94335938
4409,4496.38671875
4410,2884.63378906
4411,5378.72851562
4412,6235.71289062
4413,5768.42041016
4414,5848.96777344
4415,2645.15356445
4416,5733.91015625
4417,6800.64794922
4418,3302.31591797
4419,5529.23095703
4420,3195.10131836
4421,5228.89941406
4422,3324.15942383
4423,3976.46459961
4424,4833.26171875
4425,6827.79638672
4426,5940.23535156
4427,6538.28515625
4428,14739.4521484
4429,3628.43823242
4430,5141.58007812
4431,9613.85253906
4432,5356.53417969
4433,7904.24609375
4434,6028.0546875
4435,5324.45654297
4436,6357.03466797
4437,4351.19238281
4438,4557.09619141
4439,7707.31152344
4440,4708.18994141
4441,2590.10644531
4442,3209.39501953
4443,7359.18505859
4444,9409.71972656
4445,5768.51953125
4446,6124.21923828
4447,4314.68847656
4448,2199.04296875
4449,1776.58886719
4450,3313.04760742
4451,5306.55908203
4452,6876.33544922
4453,5115.09667969
4454,4819.15673828
4455,7727.05957031
4456,7448.53759766
4457,6902.46923828
4458,5099.09912109
4459,7757.24023438
4460,8770.70605469
4461,3515.69921875
4462,5037.49951172
4463,4998.39453125
4464,6259.91943359
4465,3225.11816406
4466,4997.3359375
4467,4410.37988281
4468,8256.42871094
4469,5756.71826172
4470,7178.8203125
4471,6632.35693359
4472,4563.64746094
4473,7674.93115234
4474,16088.9248047
4475,8084.67822266
4476,3509.86181641
4477,3239.69433594
4478,6077.04492188
4479,6556.93994141
4480,4121.64111328
4481,9230.73730469
4482,16948.3828125
4483,4808.44873047
4484,2480.1496582
4485,10491.9492188
4486,3114.25610352
4487,5124.89355469
4488,3302.59008789
4489,5880.91015625
4490,4361.93896484
4491,6491.95800781
4492,5170.37548828
4493,4950.65527344
4494,9667.26464844
4495,5985.67382812
4496,5792.76367188
4497,6657.98876953
4498,5275.73681641
4499,6491.10400391
4500,8719.54199219
4501,4807.46728516
4502,5518.19824219
4503,3958.91430664
4504,3382.89697266
4505,5336.89404297
4506,4526.76904297
4507,4736.22509766
4508,8143.53369141
4509,7582.4375
4510,7098.64599609
4511,4117.99414062
4512,3891.07299805
4513,4094.99243164
4514,4743.64892578
4515,6386.80957031
4516,2635.06982422
4517,6396.41748047
4518,5197.69580078
4519,7423.96826172
4520,5291.83007812
4521,4106.00732422
4522,2981.89868164
4523,2456.64599609
4524,8321.47070312
4525,5669.58349609
4526,5377.80517578
4527,11676.8320312
4528,7270.67626953
4529,4085.54638672
4530,5608.87792969
4531,2302.99145508
4532,3868.70361328
4533,3757.5949707
4534,3538.48803711
4535,8375.57714844
4536,4350.85205078
4537,8450.2890625
4538,10247.0820312
4539,5866.32666016
4540,5292.19287109
4541,4433.95117188
4542,4778.75048828
4543,4617.77587891
4544,11039.8183594
4545,5903.80712891
4546,6911.68603516
4547,2984.03588867
4548,5382.59326172
4549,5593.54980469
4550,7760.70361328
4551,6463.69726562
4552,5110.77587891
4553,6141.11230469
4554,4943.62890625
4555,7772.90429688
4556,6430.68066406
4557,6651.66650391
4558,8361.11425781
4559,6603.50976562
4560,8385.28125
4561,3390.94848633
4562,5251.09130859
4563,4633.42578125
4564,8479.89550781
4565,6696.26464844
4566,6758.28710938
4567,5811.04248047
4568,7514.82324219
4569,4831.01269531
4570,5978.87207031
4571,5755.23583984
4572,2990.93310547
4573,11903.1132812
4574,15950.7607422
4575,6695.58154297
4576,5932.57421875
4577,6691.09375
4578,7690.01855469
4579,7717.88183594
4580,2628.36474609
4581,4287.61816406
4582,5204.74560547
4583,8299.27636719
4584,2405.5246582
4585,3929.92724609
4586,4868.94775391
4587,4727.19824219
4588,4649.56347656
4589,2790.10668945
4590,2793.29736328
4591,7137.25585938
4592,3630.05859375
4593,4664.00488281
4594,5492.03759766
4595,4591.33056641
4596,9135.74902344
4597,11689.2666016
4598,4781.00292969
4599,7145.23144531
4600,6110.82177734
4601,10040.3408203
4602,4521.67236328
4603,2609.83447266
4604,5405.65869141
4605,11065.8037109
4606,3848.91845703
4607,6613.78466797
4608,1899.0526123
4609,3490.93554688
4610,6227.67089844
4611,6215.87304688
4612,5410.34277344
4613,9094.765625
4614,8380.5390625
4615,7842.48779297
4616,3858.27368164
4617,10130.1425781
4618,1854.04382324
4619,3360.01367188
4620,6125.7265625
4621,4705.51806641
4622,9508.41699219
4623,2337.00732422
4624,4729.19140625
4625,5275.24902344
4626,7625.17626953
4627,9699.72851562
4628,4709.24072266
4629,2541.36694336
4630,7478.54296875
4631,9537.15527344
4632,4126.85009766
4633,5332.67578125
4634,8733.00097656
4635,5639.75634766
4636,4843.96484375
4637,3363.20751953
4638,7599.98779297
4639,4113.09472656
4640,11575.7041016
4641,7026.14501953
4642,13067.9619141
4643,6341.56787109
4644,4262.87158203
4645,2066.66967773
4646,5868.66064453
4647,5839.09033203
4648,4928.23291016
4649,8525.74121094
4650,5678.62744141
4651,2495.26953125
4652,6485.91748047
4653,3221.18554688
4654,8509.63964844
4655,6879.96386719
4656,6613.10302734
4657,7739.96826172
4658,4639.45410156
4659,6692.11474609
4660,7118.75634766
4661,5345.62109375
4662,6494.08886719
4663,3139.79736328
4664,8512.24511719
4665,6038.16552734
4666,3302.4387207
4667,4585.46533203
4668,7645.80761719
4669,5423.11523438
4670,3792.05517578
4671,4882.72363281
4672,5259.45751953
4673,5098.00488281
4674,4660.19335938
4675,9276.84375
4676,4111.27441406
4677,3306.07641602
4678,5976.51171875
4679,4934.140625
4680,2949.91235352
4681,4870.85253906
4682,8677.89355469
4683,6663.35107422
4684,9721.1875
4685,8049.62255859
4686,6789.56494141
4687,5662.41748047
4688,4198.28466797
4689,9986.38964844
4690,7434.81005859
4691,6861.28027344
4692,4997.49316406
4693,5038.66699219
4694,4559.37890625
4695,2182.35302734
4696,11594.5322266
4697,6313.57568359
4698,5366.76708984
4699,4586.38427734
4700,1345.03857422
4701,7564.609375
4702,6100.64746094
4703,4962.40820312
4704,3739.13378906
4705,5633.36425781
4706,4827.79296875
4707,3996.96630859
4708,9628.38671875
4709,4582.93798828
4710,4410.9140625
4711,3179.79736328
4712,2518.67895508
4713,4551.73144531
4714,12830.03125
4715,3415.2019043
4716,5435.77197266
4717,4821.09716797
4718,3710.30053711
4719,3070.33764648
4720,5937.59570312
4721,2301.70751953
4722,9270.69726562
4723,5610.99658203
4724,2652.51879883
4725,8050.28271484
4726,2234.83520508
4727,3636.12353516
4728,8680.56738281
4729,7297.18066406
4730,7912.80029297
4731,2237.00170898
4732,4358.44091797
4733,4472.51318359
4734,3584.68701172
4735,15065.2851562
4736,11362.015625
4737,4868.75244141
4738,2802.34838867
4739,5421.28955078
4740,4308.33447266
4741,2301.06762695
4742,7032.72265625
4743,4388.25585938
4744,5417.43798828
4745,6445.4921875
4746,4756.98876953
4747,4643.24365234
4748,5568.2265625
4749,6306.02832031
4750,6739.07275391
4751,2522.4050293
4752,5383.31201172
4753,6775.33251953
4754,7794.40429688
4755,5417.88232422
4756,7222.73535156
4757,2131.48632812
4758,8825.62011719
4759,4793.59716797
4760,2537.88745117
4761,4042.63476562
4762,4029.09912109
4763,4360.69091797
4764,6667.00634766
4765,3721.12548828
4766,5672.56396484
4767,4504.61181641
4768,7402.62841797
4769,7727.78955078
4770,4791.69970703
4771,7495.35986328
4772,5993.26611328
4773,2317.63745117
4774,10310.9736328
4775,3383.09375
4776,2931.12841797
4777,5747.39648438
4778,9891.36914062
4779,9039.00488281
4780,3882.76733398
4781,4274.06494141
4782,6211.77148438
4783,6524.79101562
4784,4098.22412109
4785,7681.66162109
4786,2656.03979492
4787,3941.89672852
4788,3598.33984375
4789,3346.09326172
4790,2633.10229492
4791,7190.984375
4792,6127.12304688
4793,5552.41113281
4794,4726.796875
4795,7539.38378906
4796,7560.48339844
4797,4560.07910156
4798,4892.75244141
4799,5110.55175781
4800,6819.48486328
4801,4762.61865234
4802,1852.90393066
4803,6058.6171875
4804,5938.37695312
4805,6127.28125
4806,5285.35742188
4807,2905.33349609
4808,9645.00488281
4809,2635.13891602
4810,8301.54980469
4811,4917.6484375
4812,4168.39208984
4813,7403.546875
4814,3604.12158203
4815,4285.76953125
4816,8908.73828125
4817,2516.14990234
4818,6455.14501953
4819,9037.2890625
4820,6518.86914062
4821,2480.08007812
4822,4723.70947266
4823,3437.6640625
4824,2096.27539062
4825,4712.67822266
4826,5998.52197266
4827,4728.79443359
4828,4276.6953125
4829,4792.93457031
4830,4371.10205078
4831,8525.74121094
4832,5157.49511719
4833,5614.32666016
4834,3795.58032227
4835,5368.72802734
4836,5790.42675781
4837,5768.70654297
4838,7320.21337891
4839,7203.05957031
4840,7538.5859375
4841,4896.73974609
4842,4879.37109375
4843,2675.15722656
4844,5195.40576172
4845,8244.20898438
4846,6346.39013672
4847,5932.79443359
4848,13598.1884766
4849,2830.07470703
4850,4575.89208984
4851,3722.37524414
4852,7847.71826172
4853,9244.12890625
4854,7657.52148438
4855,7390.98730469
4856,7179.01904297
4857,8031.70751953
4858,6189.48046875
4859,4713.60888672
4860,1950.87182617
4861,4502.65283203
4862,2970.22998047
4863,2890.71801758
4864,6626.11621094
4865,16493.734375
4866,5319.59375
4867,3001.52612305
4868,4338.046875
4869,4156.52392578
4870,5180.03125
4871,2066.67358398
4872,5943.75439453
4873,6682.41308594
4874,3303.15087891
4875,10331.7841797
4876,11187.8544922
4877,3005.45141602
4878,5071.44091797
4879,3843.96142578
4880,3750.33276367
4881,3813.55200195
4882,8196.41308594
4883,3536.25073242
4884,4325.58837891
4885,4600.88330078
4886,5064.76464844
4887,4506.83837891
4888,6776.94189453
4889,3055.80883789
4890,7770.71777344
4891,6205.6953125
4892,4515.27685547
4893,3766.30786133
4894,3639.93774414
4895,4536.00634766
4896,4495.13867188
4897,8880.77539062
4898,4103.16455078
4899,3463.66210938
4900,6118.23486328
4901,4581.16796875
4902,5832.28222656
4903,4384.95019531
4904,5426.42138672
4905,9664.34179688
4906,6510.18896484
4907,5667.97753906
4908,3397.15844727
4909,4523.45849609
4910,5591.03710938
4911,3424.10766602
4912,4477.34521484
4913,4666.00292969
4914,11096.125
4915,6982.97900391
4916,4108.86767578
4917,5345.98828125
4918,4541.12744141
4919,6021.03857422
4920,5388.14111328
4921,8569.32421875
4922,6405.07421875
4923,4580.52148438
4924,4109.23583984
4925,1934.32348633
4926,3721.46606445
4927,20549.3359375
4928,1950.72473145
4929,4627.75
4930,5760.79394531
4931,6342.97705078
4932,5713.45361328
4933,8020.71435547
4934,5376.84082031
4935,5617.578125
4936,2734.31518555
4937,7642.86962891
4938,3715.14550781
4939,6335.52148438
4940,9010.04101562
4941,3727.68408203
4942,7681.66894531
4943,6392.25146484
4944,3177.95068359
4945,5656.66259766
4946,6203.71875
4947,2664.35644531
4948,8218.81835938
4949,6259.74609375
4950,4239.89453125
4951,9565.28515625
4952,7982.11376953
4953,5591.02636719
4954,4402.94824219
4955,3460.22412109
4956,4953.55078125
4957,3090.87402344
4958,5807.76220703
4959,2185.21508789
4960,5442.828125
4961,2637.12207031
4962,5207.97900391
4963,5219.48144531
4964,4198.12841797
4965,5292.21337891
4966,8125.67285156
4967,5210.34863281
4968,6603.54101562
4969,5050.35009766
4970,5657.95800781
4971,8995.55566406
4972,6532.90527344
4973,3798.61547852
4974,5020.61865234
4975,4712.45849609
4976,3736.37426758
4977,12470.9892578
4978,5693.32519531
4979,4598.67236328
4980,8511.953125
4981,6216.98144531
4982,1865.88830566
4983,10397.3632812
4984,7576.86279297
4985,6234.53515625
4986,6840.50732422
4987,6330.07324219
4988,8405.61132812
4989,4802.13232422
4990,3917.33276367
4991,3141.93994141
4992,5474.86083984
4993,7335.30273438
4994,2469.0925293
4995,7540.54199219
4996,6475.19921875
4997,4434.16259766
4998,6633.45117188
4999,4284.91943359
5000,6483.72167969
5001,2444.89794922
5002,4548.65820312
5003,4551.19238281
5004,3535.94360352
5005,5713.31152344
5006,6751.87646484
5007,7940.34228516
5008,5511.96435547
5009,3843.7265625
5010,5951.69140625
5011,6403.96289062
5012,6619.12353516
5013,2803.30981445
5014,2524.88623047
5015,8234.32226562
5016,6046.83398438
5017,3755.74560547
5018,7052.90820312
5019,6773.5234375
5020,5443.21728516
5021,4543.55810547
5022,1335.40844727
5023,6148.81396484
5024,5528.33398438
5025,4976.14013672
5026,8590.95410156
5027,6382.50976562
5028,3260.24047852
5029,5141.09521484
5030,2872.07128906
5031,934.608886719
5032,5435.91748047
5033,9054.91699219
5034,5197.02148438
5035,3994.84692383
5036,2774.56542969
5037,4701.75439453
5038,6913.00488281
5039,5714.92480469
5040,8935.62011719
5041,3734.75268555
5042,4068.91186523
5043,2964.22607422
5044,6143.71386719
5045,2889.60131836
5046,2510.73046875
5047,4199.79882812
5048,3565.69384766
5049,6365.60205078
5050,4097.38378906
5051,4869.64453125
5052,4909.83496094
5053,7241.86376953
5054,4642.22509766
5055,3720.2097168
5056,9239.50097656
5057,6243.75341797
5058,6296.61035156
5059,1837.01269531
5060,4226.2421875
5061,5096.30761719
5062,3686.81713867
5063,7769.02783203
5064,8689.96972656
5065,5828.93408203
5066,5852.67871094
5067,5683.74316406
5068,6962.14306641
5069,10334.4248047
5070,3009.93066406
5071,3382.97094727
5072,4512.39990234
5073,5003.46044922
5074,5402.82910156
5075,7135.30908203
5076,6348.49121094
5077,5999.43164062
5078,2513.32226562
5079,5764.47119141
5080,6273.08105469
5081,3119.73046875
5082,6022.60644531
5083,2907.18725586
5084,6599.6875
5085,5217.29638672
5086,4827.11572266
5087,5733.35205078
5088,3692.52612305
5089,4925.69042969
5090,6320.16699219
5091,4517.45654297
5092,8242.43945312
5093,4981.43554688
5094,8611.4375
5095,4859.63085938
5096,3457.09301758
5097,7821.72851562
5098,2514.46899414
5099,8710.34960938
5100,5559.34814453
5101,4727.13476562
5102,6786.10742188
5103,4415.44775391
5104,4104.12011719
5105,5858.31396484
5106,2904.82080078
5107,2756.88330078
5108,5645.69873047
5109,5647.25
5110,9249.30566406
5111,5558.77001953
5112,4979.23632812
5113,3297.15673828
5114,5972.96142578
5115,2862.7800293
5116,9681.52929688
5117,6475.92773438
5118,12623.2412109
5119,5354.14306641
5120,4617.80224609
5121,7605.16552734
5122,6608.02099609
5123,2775.95385742
5124,8031.35498047
5125,6032.05761719
5126,5146.84521484
5127,5701.1015625
5128,4363.99072266
5129,2788.07519531
5130,4978.37646484
5131,3445.39233398
5132,2658.95019531
5133,6859.421875
5134,5184.67773438
5135,22254.7109375
5136,7118.63427734
5137,3676.70922852
5138,5642.39306641
5139,8237.35449219
5140,5320.43554688
5141,5896.9921875
5142,5296.38964844
5143,6568.08154297
5144,6072.46777344
5145,4151.03613281
5146,4644.83837891
5147,5824.52734375
5148,6774.45410156
5149,5853.01318359
5150,7076.6953125
5151,4526.93798828
5152,4089.23852539
5153,4577.86132812
5154,8078.81982422
5155,8404.20898438
5156,6833.40576172
5157,6244.14648438
5158,2949.77148438
5159,5246.82568359
5160,3241.43774414
5161,6921.63476562
5162,8455.40039062
5163,8469.54199219
5164,4564.5703125
5165,3351.12109375
5166,3557.77734375
5167,5831.46484375
5168,8020.85205078
5169,5112.39453125
5170,4618.81933594
5171,4217.29003906
5172,6234.79101562
5173,3123.10449219
5174,6739.95361328
5175,3538.64672852
5176,6600.07177734
5177,5754.21484375
5178,4661.98974609
5179,7335.06494141
5180,5548.99609375
5181,4064.46264648
5182,5632.20361328
5183,6196.45654297
5184,9959.015625
5185,5444.65576172
5186,6092.09960938
5187,6640.23779297
5188,8067.38476562
5189,5736.53564453
5190,7541.52685547
5191,3246.5378418
5192,3920.75341797
5193,4639.00244141
5194,5704.23974609
5195,8826.38574219
5196,6653.82421875
5197,4451.40283203
5198,6796.49121094
5199,6231.17626953
5200,7666.44482422
5201,3167.67456055
5202,10939.9287109
5203,3415.00976562
5204,5279.89550781
5205,6878.40234375
5206,3964.53027344
5207,4746.11083984
5208,5270.48095703
5209,6169.19335938
5210,4657.01611328
5211,4827.00488281
5212,7026.68115234
5213,6617.33056641
5214,4795.93896484
5215,4085.375
5216,6772.26367188
5217,11182.4570312
5218,5832.51611328
5219,3619.25683594
5220,5940.21826172
5221,5703.16259766
5222,6096.65136719
5223,7243.92236328
5224,3253.74951172
5225,6774.33740234
5226,5050.79833984
5227,6045.59960938
5228,6619.00976562
5229,4209.1875
5230,4408.25537109
5231,4018.89233398
5232,6622.21142578
5233,7669.56005859
5234,4290.80078125
5235,3912.14208984
5236,6067.32666016
5237,5170.14892578
5238,4763.48193359
5239,7144.3046875
5240,5441.47314453
5241,6336.47607422
5242,4533.95605469
5243,4103.19580078
5244,5290.90576172
5245,7554.39208984
5246,6122.02880859
5247,7030.08007812
5248,7045.64697266
5249,4708.890625
5250,7472.296875
5251,4365.24804688
5252,4936.18847656
5253,7875.40234375
5254,5449.11865234
5255,8372.71777344
5256,7142.36328125
5257,6373.57275391
5258,5038.55175781
5259,6511.87158203
5260,6410.74023438
5261,5045.04882812
5262,3280.79125977
5263,4356.59179688
5264,6285.94042969
5265,4481.86621094
5266,3451.76098633
5267,6661.24121094
5268,5488.68554688
5269,5282.48974609
5270,5040.05126953
5271,4202.15917969
5272,5402.75683594
5273,6031.11474609
5274,5091.22070312
5275,4899.35595703
5276,4693.63916016
5277,5543.11865234
5278,2988.46313477
5279,5799.72949219
5280,4048.62036133
5281,7508.81982422
5282,6161.47753906
5283,5407.38671875
5284,11448.84375
5285,3261.4753418
5286,4990.15771484
5287,8502.74316406
5288,5874.45751953
5289,7516.078125
5290,6588.36035156
5291,4838.21630859
5292,5697.9375
5293,4935.16699219
5294,6180.31298828
5295,8932.41699219
5296,5372.47265625
5297,2478.16162109
5298,4107.95019531
5299,7058.46728516
5300,8266.16015625
5301,5076.68261719
5302,5519.40332031
5303,4540.36083984
5304,4082.84277344
5305,2823.33862305
5306,3903.5793457
5307,5506.24169922
5308,6266.87353516
5309,5693.34667969
5310,5644.08886719
5311,7204.48828125
5312,7888.32519531
5313,6974.81835938
5314,4396.9375
5315,8086.46728516
5316,8508.25976562
5317,4553.31591797
5318,5917.1796875
5319,4330.48046875
5320,5971.65625
5321,3580.54150391
5322,5098.14111328
5323,4030.85180664
5324,7915.32177734
5325,6331.22021484
5326,7104.62011719
5327,6763.09765625
5328,4977.64501953
5329,7029.06103516
5330,15627.8359375
5331,8159.33984375
5332,4105.96826172
5333,2508.58398438
5334,5364.90917969
5335,6227.01708984
5336,5337.11279297
5337,11552.34375
5338,18658.7070312
5339,3680.00415039
5340,4184.84619141
5341,7762.13183594
5342,3951.27832031
5343,5721.60693359
5344,5016.13330078
5345,6061.62841797
5346,5076.66308594
5347,5427.51367188
5348,5778.41552734
5349,6352.96142578
5350,8051.265625
5351,6004.578125
5352,5585.33935547
5353,5993.99755859
5354,4170.96972656
5355,4495.16455078
5356,7053.35253906
5357,4914.60986328
5358,5049.30029297
5359,5870.81640625
5360,4883.79980469
5361,4606.68017578
5362,5906.19580078
5363,5773.63330078
5364,8225.01269531
5365,6760.91113281
5366,6303.07568359
5367,5231.00976562
5368,3221.07495117
5369,5021.25537109
5370,5677.63623047
5371,5165.51513672
5372,3865.44995117
5373,6748.02636719
5374,5381.54589844
5375,8195.54589844
5376,5715.90087891
5377,4692.88671875
5378,4149.58740234
5379,4137.56396484
5380,8225.5390625
5381,4804.20361328
5382,7121.36376953
5383,12538.0849609
5384,6859.79492188
5385,5058.87451172
5386,4941.93603516
5387,3853.98461914
5388,6027.73291016
5389,3176.06225586
5390,4610.05615234
5391,8619.984375
5392,4649.73242188
5393,11549.6669922
5394,10672.1210938
5395,5092.57617188
5396,5597.13085938
5397,4990.49121094
5398,5661.84521484
5399,4557.00488281
5400,10311.1201172
5401,6447.54589844
5402,7105.68408203
5403,3803.53955078
5404,6630.41503906
5405,5304.92431641
5406,7689.20458984
5407,5852.71777344
5408,5250.55078125
5409,6062.17822266
5410,6006.77832031
5411,6990.92919922
5412,7988.83886719
5413,5851.52880859
5414,8261.10742188
5415,6119.6875
5416,7765.36816406
5417,5039.65234375
5418,4333.12109375
5419,4358.4453125
5420,7700.18359375
5421,5777.07617188
5422,6561.56933594
5423,5324.41064453
5424,7661.4375
5425,4873.71044922
5426,6820.36328125
5427,5598.42285156
5428,3535.26586914
5429,11219.4404297
5430,14701.3486328
5431,5722.94921875
5432,5613.88183594
5433,7188.20751953
5434,8309.99414062
5435,9393.13085938
5436,4536.23144531
5437,6018.13330078
5438,4974.05224609
5439,7600.48828125
5440,3684.40527344
5441,4501.35205078
5442,4681.07080078
5443,4866.93261719
5444,6553.61328125
5445,3957.40771484
5446,3391.80249023
5447,6460.67041016
5448,3781.39916992
5449,3848.78613281
5450,4985.22900391
5451,4724.03857422
5452,8409.19628906
5453,8513.50292969
5454,5945.05908203
5455,6018.91357422
5456,5762.78857422
5457,9684.30078125
5458,5480.91162109
5459,4691.31103516
5460,4647.58154297
5461,8605.74804688
5462,4075.49243164
5463,6180.84326172
5464,2858.09179688
5465,3874.87890625
5466,5744.50292969
5467,5697.42138672
5468,5303.83642578
5469,8778.69824219
5470,8453.73925781
5471,10115.9013672
5472,5158.33642578
5473,9229.14355469
5474,2602.60913086
5475,4591.21191406
5476,5634.01464844
5477,3395.57397461
5478,7343.12207031
5479,3942.40795898
5480,4596.47460938
5481,7755.79736328
5482,8423.58203125
5483,7384.96972656
5484,4692.94921875
5485,3750.65820312
5486,7779.76464844
5487,7657.22900391
5488,4399.36279297
5489,5206.74169922
5490,5978.02246094
5491,7122.30810547
5492,4288.70214844
5493,4536.44775391
5494,6899.69189453
5495,6813.93847656
5496,11047.9072266
5497,5157.81494141
5498,11164.3828125
5499,5978.30175781
5500,4654.41845703
5501,2816.89233398
5502,4901.375
5503,5436.14550781
5504,4896.45019531
5505,7307.27978516
5506,4966.09716797
5507,3650.37280273
5508,6163.42333984
5509,3096.67651367
5510,6861.61376953
5511,6135.63232422
5512,6533.2421875
5513,7394.98583984
5514,4340.22363281
5515,7965.94384766
5516,5680.26318359
5517,5022.39111328
5518,5722.87841797
5519,4323.21240234
5520,8488.29492188
5521,5800.33251953
5522,3673.68017578
5523,5644.9609375
5524,7412.81738281
5525,6038.59179688
5526,5010.65820312
5527,7200.68945312
5528,5120.00244141
5529,6087.86523438
5530,5010.81591797
5531,8436.46191406
5532,4433.05908203
5533,4907.48925781
5534,5242.89355469
5535,4302.21484375
5536,3661.95214844
5537,4830.27539062
5538,8278.89550781
5539,7589.99853516
5540,9624.73242188
5541,9162.80078125
5542,7264.25732422
5543,5346.91162109
5544,4789.51611328
5545,9675.20703125
5546,9088.50488281
5547,6431.11621094
5548,6937.10693359
5549,7385.67431641
5550,4880.66064453
5551,3140.37548828
5552,9681.77050781
5553,5523.20556641
5554,5158.20361328
5555,5200.85009766
5556,1846.08752441
5557,8829.99804688
5558,5939.27783203
5559,5305.26367188
5560,4760.97021484
5561,4700.24316406
5562,5608.32666016
5563,5602.91064453
5564,6724.75390625
5565,4821.15234375
5566,3968.81347656
5567,2986.54785156
5568,2664.74536133
5569,5982.67724609
5570,16390.5820312
5571,3406.74829102
5572,5297.94091797
5573,5460.98242188
5574,4832.29394531
5575,4121.94824219
5576,4941.05029297
5577,2993.87915039
5578,6951.39355469
5579,5918.78271484
5580,3514.33789062
5581,7866.46044922
5582,3858.44287109
5583,4358.85253906
5584,8279.50292969
5585,6341.93017578
5586,8084.08447266
5587,3934.00805664
5588,5133.2890625
5589,4230.29541016
5590,4277.56835938
5591,12307.5488281
5592,9482.99511719
5593,6017.01416016
5594,3977.05249023
5595,4522.56103516
5596,5806.66552734
5597,3652.22558594
5598,7892.21582031
5599,4270.56835938
5600,4717.45019531
5601,6312.66601562
5602,4318.46875
5603,5367.46386719
5604,5287.49560547
5605,6494.01416016
5606,6392.84277344
5607,3295.58129883
5608,4883.72070312
5609,5929.13427734
5610,7422.92041016
5611,7480.96826172
5612,6443.62939453
5613,3466.94458008
5614,7569.58935547
5615,4833.74121094
5616,4148.2734375
5617,6179.26367188
5618,6155.09277344
5619,5278.78222656
5620,5256.72949219
5621,5314.94775391
5622,5437.69091797
5623,4925.7421875
5624,6149.83447266
5625,6488.99853516
5626,4509.921875
5627,8698.08789062
5628,5664.74023438
5629,3794.93579102
5630,10055.5693359
5631,4259.31152344
5632,2682.1003418
5633,6634.82470703
5634,8319.28027344
5635,7796.44140625
5636,4230.29541016
5637,5212.34667969
5638,5351.99365234
5639,6121.56201172
5640,5028.09521484
5641,6925.05517578
5642,2600.6706543
5643,4184.97412109
5644,4802.91162109
5645,4288.87011719
5646,4040.81542969
5647,6230.8671875
5648,6054.98291016
5649,5199.17333984
5650,6324.99707031
5651,5816.41601562
5652,7535.50146484
5653,4670.80322266
5654,5534.72900391
5655,5594.28076172
5656,7129.28125
5657,7108.25976562
5658,2917.33496094
5659,8092.37744141
5660,5692.71679688
5661,6276.69628906
5662,4178.22851562
5663,3443.31542969
5664,7082.35400391
5665,4665.17919922
5666,7449.05566406
5667,5708.41455078
5668,4273.97119141
5669,6938.17236328
5670,4829.62597656
5671,4484.90673828
5672,6793.91162109
5673,4384.07177734
5674,7471.91210938
5675,9019.6796875
5676,6312.84667969
5677,4045.82177734
5678,4423.89599609
5679,3749.65283203
5680,2701.46069336
5681,6599.30371094
5682,5139.26660156
5683,7712.66503906
5684,4021.97973633
5685,5235.50244141
5686,5356.73291016
5687,7204.43994141
5688,5402.20556641
5689,5035.16455078
5690,4003.98803711
5691,6288.43554688
5692,5154.93261719
5693,6189.51611328
5694,7138.34472656
5695,7021.31494141
5696,6527.17529297
5697,6029.98681641
5698,5364.00390625
5699,3912.81762695
5700,4914.32373047
5701,9238.78710938
5702,7373.57519531
5703,6508.015625
5704,15009.2666016
5705,4242.0625
5706,4401.80566406
5707,4576.89160156
5708,7730.63525391
5709,8916.92382812
5710,6404.85449219
5711,6945.28320312
5712,7000.77148438
5713,6675.265625
5714,5690.65917969
5715,4585.28613281
5716,4173.91455078
5717,4488.90869141
5718,3131.03344727
5719,3805.10717773
5720,6892.265625
5721,13621.2802734
5722,5747.30322266
5723,4257.17480469
5724,5664.27587891
5725,3661.84033203
5726,5381.76171875
5727,3912.54882812
5728,7871.45947266
5729,6221.52001953
5730,5651.77685547
5731,10913.5722656
5732,12732.2675781
5733,3993.89453125
5734,6214.77636719
5735,3557.91992188
5736,4623.85351562
5737,4642.31396484
5738,8089.77636719
5739,3952.19042969
5740,4268.56445312
5741,4580.85302734
5742,4982.10058594
5743,5782.52880859
5744,5576.31054688
5745,3988.4921875
5746,6694.66162109
5747,7006.56347656
5748,5733.62011719
5749,3748.39404297
5750,3249.22094727
5751,6467.55126953
5752,4161.97949219
5753,8597.30664062
5754,3817.97827148
5755,4366.01855469
5756,5848.01318359
5757,4653.40625
5758,4522.57861328
5759,4788.3828125
5760,5212.45117188
5761,8356.85644531
5762,7682.02050781
5763,5302.21826172
5764,3461.25732422
5765,4960.48291016
5766,5072.20507812
5767,4145.25927734
5768,4744.61279297
5769,5276.85449219
5770,10274.0136719
5771,5973.91845703
5772,5488.96289062
5773,6456.38916016
5774,3860.24707031
5775,7747.93798828
5776,4437.13330078
5777,9825.08203125
5778,5523.77490234
5779,4568.25097656
5780,4562.14599609
5781,3990.8059082
5782,5682.00292969
5783,19146.3496094
5784,3281.47363281
5785,4726.27832031
5786,8110.93847656
5787,5411.1015625
5788,5857.21337891
5789,7342.54736328
5790,4985.53320312
5791,4834.58544922
5792,3689.67382812
5793,8385.21679688
5794,4994.31445312
5795,6155.96777344
5796,6840.97705078
5797,4000.57495117
5798,7045.52636719
5799,5656.33349609
5800,3534.32177734
5801,7264.36132812
5802,8472.09472656
5803,3739.51196289
5804,6719.91308594
5805,5874.66455078
5806,4372.015625
5807,8418.95507812
5808,6021.64160156
5809,6566.15820312
5810,4494.82128906
5811,4085.63623047
5812,5566.17138672
5813,3460.9140625
5814,6588.10302734
5815,3086.85766602
5816,5341.89013672
5817,4135.77197266
5818,5194.99902344
5819,4981.01757812
5820,5631.16210938
5821,5702.50976562
5822,7817.8125
5823,5088.40039062
5824,6200.66601562
5825,5008.89453125
5826,7016.52148438
5827,8263.11816406
5828,6240.03808594
5829,2886.60229492
5830,5230.68554688
5831,5931.50439453
5832,3432.80078125
5833,11344.3115234
5834,5071.45556641
5835,4838.77880859
5836,8869.51757812
5837,5768.32714844
5838,3125.34570312
5839,10265.2958984
5840,8540.51269531
5841,4917.91113281
5842,6218.13183594
5843,8117.35449219
5844,6179.19287109
5845,4482.07128906
5846,5982.26074219
5847,4495.35302734
5848,4962.06298828
5849,6479.20263672
5850,3682.59570312
5851,6417.38427734
5852,6144.11816406
5853,4905.640625
5854,6135.52148438
5855,5156.4375
5856,5493.06933594
5857,3550.15942383
5858,6620.54394531
5859,6098.17480469
5860,5361.85009766
5861,5430.25830078
5862,5874.36230469
5863,8265.50585938
5864,4969.37158203
5865,4039.21191406
5866,5463.13916016
5867,6392.19091797
5868,5703.25537109
5869,4050.56347656
5870,3551.59545898
5871,6201.66601562
5872,7379.33691406
5873,4874.49121094
5874,6611.8671875
5875,6094.0234375
5876,4826.03857422
5877,4395.109375
5878,2256.24902344
5879,5757.29492188
5880,5878.52099609
5881,5366.46533203
5882,7154.01513672
5883,6508.15234375
5884,4147.25244141
5885,6783.55126953
5886,3151.51293945
5887,2088.81323242
5888,5746.43701172
5889,9550.49902344
5890,6581.90332031
5891,5581.15332031
5892,3190.91308594
5893,5516.79785156
5894,6132.94091797
5895,4506.9375
5896,7720.09814453
5897,3878.95825195
5898,4226.95605469
5899,4285.66357422
5900,4977.86816406
5901,4453.6875
5902,3997.7824707
5903,3968.81347656
5904,3475.11987305
5905,5918.26318359
5906,5520.91992188
5907,4296.23583984
5908,5245.49951172
5909,6221.38916016
5910,4510.55859375
5911,5065.64892578
5912,7842.92919922
5913,5825.67138672
5914,5615.90087891
5915,2918.93969727
5916,9274.65039062
5917,5761.62939453
5918,4210.72167969
5919,7012.21289062
5920,6394.08105469
5921,5789.22851562
5922,5199.21289062
5923,6283.11132812
5924,7946.87353516
5925,10085.3632812
5926,4016.0065918
5927,3500.53955078
5928,4597.07958984
5929,5081.02783203
5930,5218.53564453
5931,5904.16210938
5932,7303.60791016
5933,5129.85302734
5934,3527.15429688
5935,4657.55371094
5936,7802.41503906
5937,4234.97900391
5938,5926.73730469
5939,3148.25561523
5940,6462.16796875
5941,6037.61279297
5942,6093.11083984
5943,6486.34423828
5944,5454.96435547
5945,4072.50756836
5946,5595.91357422
5947,6311.44384766
5948,7425.34228516
5949,6120.13720703
5950,7503.16357422
5951,4881.25634766
5952,3805.60449219
5953,8257.54785156
5954,3725.28808594
5955,9056.46191406
5956,6017.69140625
5957,4160.29638672
5958,5892.26904297
5959,5219.41699219
5960,6178.46777344
5961,6899.65869141
5962,3350.94848633
5963,3971.00219727
5964,5776.16162109
5965,6753.52490234
5966,8761.40039062
5967,5021.32763672
5968,4753.18798828
5969,4125.45263672
5970,5786.39648438
5971,4100.41015625
5972,9059.72851562
5973,7268.99804688
5974,9986.16210938
5975,4060.62988281
5976,5030.66650391
5977,9546.14550781
5978,7118.17919922
5979,3861.62084961
5980,8748.66601562
5981,5484.72900391
5982,4546.10742188
5983,4639.62158203
5984,4032.04418945
5985,4590.39794922
5986,4742.54052734
5987,4100.99707031
5988,3933.07739258
5989,7058.54833984
5990,5830.42480469
5991,20348.0527344
5992,6028.15234375
5993,3488.87792969
5994,5595.31542969
5995,7759.09716797
5996,5900.13134766
5997,5675.85498047
5998,5121.53662109
5999,6466.39208984
6000,6067.43652344
6001,3755.86401367
6002,4540.39550781
6003,5481.60693359
6004,7016.27392578
6005,5838.53320312
6006,8138.95996094
6007,4034.45605469
6008,3825.86767578
6009,4229.85986328
6010,7779.52001953
6011,8756.53027344
6012,6726.53076172
6013,6084.63769531
6014,3515.1796875
6015,4841.72460938
6016,3158.76049805
6017,6631.80029297
6018,8119.06542969
6019,8215.30664062
6020,4148.90673828
6021,3622.75927734
6022,3736.87304688
6023,5372.76513672
6024,8054.68359375
6025,4967.35742188
6026,4224.92431641
6027,3946.44921875
6028,6387.38818359
6029,2979.44482422
6030,6226.39404297
6031,3333.79125977
6032,6124.07324219
6033,5610.84130859
6034,4536.09277344
6035,7058.23828125
6036,5283.98144531
6037,4176.60693359
6038,5651.36181641
6039,5640.23046875
6040,9753.52636719
6041,5057.90429688
6042,6514.00830078
6043,6711.25292969
6044,7869.92773438
6045,5524.59130859
6046,7278.92626953
6047,3315.51367188
6048,4238.43847656
6049,4915.93212891
6050,5086.30859375
6051,8291.04003906
6052,6354.05810547
6053,4320.66015625
6054,6341.12011719
6055,5678.73583984
6056,7912.49072266
6057,3003.27050781
6058,10633.390625
6059,3360.43676758
6060,5214.68896484
6061,6727.98730469
6062,3994.29833984
6063,4494.70117188
6064,4825.03515625
6065,6123.58251953
6066,4259.27099609
6067,4649.91845703
6068,6775.203125
6069,6429.72363281
6070,5063.83251953
6071,4090.42456055
6072,6592.41455078
6073,10113.3740234
6074,5595.11328125
6075,3964.15942383
6076,5481.73242188
6077,5601.75634766
6078,5631.09765625
6079,6493.06054688
6080,3112.72973633
6081,6345.03417969
6082,5051.34765625
6083,5643.08251953
6084,6509.62988281
6085,3473.85058594
6086,3996.21142578
6087,3734.30395508
6088,6680.76904297
6089,7443.89941406
6090,4318.61279297
6091,3836.65649414
6092,5717.30224609
6093,4696.08837891
6094,4432.56396484
6095,6490.62109375
6096,5133.87695312
6097,6657.51904297
6098,4483.5078125
6099,3836.00512695
6100,4931.02587891
6101,7527.52099609
6102,6256.89306641
6103,6746.93212891
6104,6623.35449219
6105,4536.29199219
6106,7216.33154297
6107,4269.55419922
6108,4940.65917969
6109,7808.67626953
6110,4977.94921875
6111,8363.83398438
6112,6673.94775391
6113,5919.12207031
6114,4937.35644531
6115,6298.17773438
6116,6051.58837891
6117,4897.24853516
6118,3118.3112793
6119,4551.50537109
6120,6315.12939453
6121,4152.71533203
6122,3330.51074219
6123,6552.48779297
6124,5517.171875
6125,4877.55664062
6126,4782.5859375
6127,4218.00634766
6128,5597.54736328
6129,6048.83544922
6130,5082.33203125
6131,4512.47363281
6132,4481.55810547
6133,5315.96679688
6134,2763.87646484
6135,5268.50585938
6136,3873.23828125
6137,7129.88720703
6138,5864.0390625
6139,5119.80761719
6140,9848.80078125
6141,3603.89453125
6142,4579.76953125
6143,8418.03125
6144,5168.24560547
6145,7271.11328125
6146,6300.13671875
6147,4558.36181641
6148,5483.46875
6149,4627.31738281
6150,6806.15722656
6151,9106.35351562
6152,5514.046875
6153,2421.24291992
6154,3842.72949219
6155,6753.64746094
6156,7072.29589844
6157,4689.49023438
6158,5462.70654297
6159,4247.52099609
6160,4563.31689453
6161,2726.19213867
6162,3948.92675781
6163,5118.85009766
6164,6061.95263672
6165,5725.3515625
6166,5199.32226562
6167,6789.10546875
6168,7412.72558594
6169,6779.51513672
6170,3875.21899414
6171,8107.62744141
6172,7837.75439453
6173,4303.91455078
6174,5972.57910156
6175,4195.22216797
6176,5577.11425781
6177,3126.37133789
6178,5449.9453125
6179,3629.86450195
6180,8064.35400391
6181,6146.79101562
6182,6821.59277344
6183,6757.70703125
6184,4691.00244141
6185,6470.11816406
6186,16199.6464844
6187,8318.78027344
6188,4208.08740234
6189,2330.96728516
6190,4990.75244141
6191,6461.14501953
6192,4973.48291016
6193,11321.6240234
6194,17390.765625
6195,3326.24047852
6196,4194.15771484
6197,8641.79882812
6198,3693.84033203
6199,5790.43212891
6200,4945.58105469
6201,6094.32568359
6202,4511.04052734
6203,4777.57470703
6204,5144.99511719
6205,6372.97753906
6206,7210.50341797
6207,5544.28759766
6208,4994.41503906
6209,5786.08154297
6210,3786.12036133
6211,4122.16796875
6212,6489.68603516
6213,4881.78271484
6214,4696.01708984
6215,5644.64892578
6216,5132.66699219
6217,4931.17675781
6218,5986.99853516
6219,5656.02050781
6220,7236.40917969
6221,6281.51708984
6222,6111.67871094
6223,4760.20263672
6224,2951.52807617
6225,4879.24560547
6226,5669.41552734
6227,5022.14648438
6228,3803.41992188
6229,6717.47119141
6230,5500.59863281
6231,8109.01171875
6232,6018.56347656
6233,4413.70849609
6234,4227.93554688
6235,3972.31689453
6236,7888.27197266
6237,4120.48925781
6238,6434.84667969
6239,13204.3330078
6240,6715.90820312
6241,6630.03564453
6242,4289.27050781
6243,3759.20458984
6244,5532.87109375
6245,3085.77124023
6246,4972.30175781
6247,8881.74121094
6248,4466.95361328
6249,11883.875
6250,10979.765625
6251,4540.29589844
6252,5416.80810547
6253,5084.21777344
6254,5479.59423828
6255,4402.45654297
6256,9618.5390625
6257,6119.51269531
6258,7111.79296875
6259,3564.01416016
6260,6500.03759766
6261,4655.19091797
6262,7347.54980469
6263,5379.87792969
6264,4755.72753906
6265,5775.02148438
6266,5598.80761719
6267,6355.35546875
6268,8530.33691406
6269,5193.01269531
6270,7966.09570312
6271,5734.27685547
6272,8041.61083984
6273,5134.40039062
6274,4211.13964844
6275,4233.37939453
6276,7158.04882812
6277,5226.00732422
6278,6359.94580078
6279,5152.02783203
6280,7166.75244141
6281,4390.671875
6282,6797.21728516
6283,5703.11914062
6284,3412.79174805
6285,10247.9716797
6286,15237.7929688
6287,5315.53564453
6288,5165.76660156
6289,7425.11572266
6290,8387.21679688
6291,9741.31933594
6292,4229.01220703
6293,6024.36425781
6294,4687.10693359
6295,6985.75048828
6296,3376.80639648
6297,4370.00146484
6298,4303.30322266
6299,4583.71191406
6300,6298.04589844
6301,4381.57177734
6302,3368.36108398
6303,5849.05126953
6304,3490.23632812
6305,3700.85522461
6306,5221.234375
6307,4739.02685547
6308,7820.85546875
6309,7463.10839844
6310,6180.01220703
6311,5692.42382812
6312,5528.20751953
6313,10134.5595703
6314,5741.24902344
6315,3964.16333008
6316,4298.84716797
6317,7307.67724609
6318,3969.77514648
6319,5946.30078125
6320,2880.35083008
6321,4003.42260742
6322,5730.30664062
6323,5275.89355469
6324,4669.32421875
6325,8173.68798828
6326,8545.97265625
6327,10418.2392578
6328,5088.67236328
6329,8347.44921875
6330,2578.89599609
6331,4360.765625
6332,5216.44042969
6333,3154.8034668
6334,6563.84130859
6335,3966.25512695
6336,4460.54931641
6337,7338.03173828
6338,8952.39160156
6339,8442.33007812
6340,4415.57421875
6341,3657.2565918
6342,7859.82324219
6343,7131.32861328
6344,4763.35498047
6345,4553.9375
6346,5498.33789062
6347,7779.69091797
6348,3721.90283203
6349,4836.59179688
6350,6582.83886719
6351,6436.05615234
6352,10989.3613281
6353,4707.76318359
6354,10952.0488281
6355,5630.97900391
6356,4472.56005859
6357,2821.65576172
6358,4883.12890625
6359,5009.4296875
6360,4821.40966797
6361,6196.98876953
6362,4340.80322266
6363,3612.54418945
6364,5672.14208984
6365,2909.14575195
6366,6565.50097656
6367,5613.20703125
6368,6633.95800781
6369,7072.83544922
6370,4088.40039062
6371,7714.84277344
6372,5633.06347656
6373,4941.54003906
6374,5087.34716797
6375,4217.86083984
6376,8455.75585938
6377,5942.52490234
6378,3810.51220703
6379,5592.90429688
6380,6824.07226562
6381,5745.42333984
6382,4773.32519531
6383,6943.01171875
6384,4924.60498047
6385,5505.02832031
6386,4826.29638672
6387,7587.32763672
6388,4991.65722656
6389,5044.22607422
6390,4396.49755859
6391,3985.65478516
6392,3465.19238281
6393,4574.33886719
6394,7546.33398438
6395,7424.08154297
6396,8982.58398438
6397,8643.49707031
6398,6978.10546875
6399,5412.79980469
6400,4798.35986328
6401,9615.05273438
6402,8910.13964844
6403,5680.97314453
6404,7128.35644531
6405,6815.24560547
6406,4791.77783203
6407,3156.34790039
6408,8909.12890625
6409,5449.34765625
6410,5352.74951172
6411,4867.86572266
6412,2017.74609375
6413,9104.50292969
6414,5661.39697266
6415,5385.53076172
6416,4291.31689453
6417,4405.73339844
6418,5618.82128906
6419,5776.66308594
6420,5853.10302734
6421,4924.88232422
6422,3754.79296875
6423,3063.85351562
6424,2584.11230469
6425,5820.31152344
6426,16009.7890625
6427,3579.44165039
6428,4974.30859375
6429,5465.80273438
6430,4464.77246094
6431,4079.4362793
6432,4394.62304688
6433,3096.98950195
6434,6151.77099609
6435,5662.29345703
6436,3202.015625
6437,7142.75097656
6438,3830.39233398
6439,4149.97509766
6440,7930.45019531
6441,6109.56298828
6442,8352.23535156
6443,3902.17944336
6444,5322.36962891
6445,4090.86181641
6446,4213.70703125
6447,12256.6748047
6448,8986.20800781
6449,5775.55566406
6450,4206.70703125
6451,4011.6953125
6452,5145.74121094
6453,4328.61376953
6454,9370.31347656
6455,4375.33203125
6456,4656.71875
6457,5732.40087891
6458,3694.31591797
6459,5492.89697266
6460,5576.53955078
6461,6052.22900391
6462,5746.98535156
6463,3142.3503418
6464,4611.98242188
6465,5391.53955078
6466,7346.15527344
6467,7336.84228516
6468,5986.8671875
6469,3437.36230469
6470,7157.92578125
6471,4691.67382812
6472,3990.40991211
6473,5924.65722656
6474,6197.50830078
6475,5291.19873047
6476,5102.11523438
6477,5346.90625
6478,5088.09912109
6479,4936.69189453
6480,6081.54492188
6481,5667.01513672
6482,4349.80615234
6483,8190.01367188
6484,5060.50048828
6485,3638.22631836
6486,9436.39453125
6487,4625.52099609
6488,2865.43457031
6489,6293.71582031
6490,7422.71533203
6491,7975.91113281
6492,4259.52294922
6493,4849.28613281
6494,4996.21582031
6495,6084.88134766
6496,4725.62939453
6497,6607.54199219
6498,2571.94018555
6499,4307.54101562
6500,4894.76855469
6501,4410.04345703
6502,3955.9284668
6503,6062.05664062
6504,5784.4921875
6505,5147.00732422
6506,6393.11767578
6507,5254.93457031
6508,7096.6484375
6509,4124.60693359
6510,5349.70214844
6511,5428.4765625
6512,6988.00927734
6513,6402.48486328
6514,3943.68676758
6515,7772.25195312
6516,5619.44287109
6517,6190.60253906
6518,4019.87768555
6519,3405.97167969
6520,6616.11279297
6521,4589.90722656
6522,7228.00732422
6523,5519.99804688
6524,4454.40966797
6525,6498.27734375
6526,5043.25927734
6527,4375.24902344
6528,6405.36132812
6529,4503.06933594
6530,7582.00292969
6531,8370.11425781
6532,6217.94238281
6533,3998.88085938
6534,4187.84130859
6535,3420.75463867
6536,2612.04394531
6537,6530.33837891
6538,4488.51904297
6539,7179.58789062
6540,3586.0480957
6541,4960.24609375
6542,4923.75048828
6543,7332.76318359
6544,4727.73046875
6545,4363.44140625
6546,3919.61669922
6547,6285.04736328
6548,4719.02539062
6549,5990.03710938
6550,6648.27978516
6551,7047.97900391
6552,6250.45703125
6553,6232.37109375
6554,5142.60595703
6555,3876.50195312
6556,4286.82470703
6557,8651.19238281
6558,7359.76806641
6559,6585.36962891
6560,13820.5019531
6561,4183.32128906
6562,4471.20800781
6563,4732.95947266
6564,7203.96630859
6565,8228.90429688
6566,5711.36083984
6567,7257.27685547
6568,6669.72851562
6569,6404.15185547
6570,5426.89257812
6571,4215.44384766
6572,3904.87915039
6573,4042.3112793
6574,2973.44213867
6575,3780.37475586
6576,6733.27099609
6577,12937.4140625
6578,5571.54736328
6579,4397.39941406
6580,5450.12744141
6581,3528.33886719
6582,4890.66162109
6583,3757.11474609
6584,7995.24951172
6585,5743.89990234
6586,5310.02197266
6587,10856.6181641
6588,10662.3632812
6589,4131.20605469
6590,5999.40917969
6591,3615.26098633
6592,4472.32519531
6593,4812.33984375
6594,7523.20703125
6595,3804.83862305
6596,3926.93676758
6597,4664.78320312
6598,4906.90478516
6599,5323.05517578
6600,5407.52587891
6601,3852.01464844
6602,6189.41552734
6603,6830.03662109
6604,5654.54248047
6605,3526.51513672
6606,3121.19799805
6607,6734.95996094
6608,3849.84741211
6609,8289.6015625
6610,3711.1640625
6611,4276.35693359
6612,5441.27636719
6613,4584.37646484
6614,4149.31005859
6615,4616.37109375
6616,5082.68066406
6617,7937.1015625
6618,7525.05859375
6619,4978.78027344
6620,3486.40283203
6621,5007.0078125
6622,4849.54980469
6623,4119.29833984
6624,4753.93115234
6625,5069.68017578
6626,9529.38964844
6627,5653.24853516
6628,5217.19677734
6629,6668.11279297
6630,3855.22753906
6631,7650.07519531
6632,4537.04492188
6633,10360.7753906
6634,5046.76708984
6635,4431.18603516
6636,4251.68017578
6637,3620.70019531
6638,6004.38378906
6639,17543.3085938
6640,3194.31811523
6641,4000.86108398
6642,7724.97412109
6643,5320.25830078
6644,5754.76904297
6645,6913.44628906
6646,4803.49804688
6647,4435.90576172
6648,3760.44189453
6649,8332.12890625
6650,4809.42138672
6651,6120.04980469
6652,6373.11132812
6653,3860.65209961
6654,6596.52832031
6655,4989.09130859
6656,3546.98413086
6657,7387.15380859
6658,7465.00927734
6659,3656.27636719
6660,6434.95703125
6661,5458.36279297
6662,4071.63745117
6663,7921.18994141
6664,5686.48144531
6665,6390.94091797
6666,4066.17285156
6667,3825.765625
6668,5589.70410156
6669,3342.86425781
6670,6605.15380859
6671,3140.42041016
6672,5087.35205078
6673,3960.97705078
6674,4976.60595703
6675,5195.64355469
6676,5682.18701172
6677,5471.86425781
6678,7020.11621094
6679,4692.95410156
6680,6002.328125
6681,5185.35546875
6682,6126.375
6683,8069.71630859
6684,6206.17480469
6685,2628.47509766
6686,4863.16894531
6687,5981.62695312
6688,3327.73828125
6689,10145.2353516
6690,4513.57568359
6691,4894.81982422
6692,8759.22851562
6693,6012.72802734
6694,3005.31103516
6695,9895.63476562
6696,8229.02246094
6697,4820.90380859
6698,6146.10546875
6699,8631.19726562
6700,5033.96435547
6701,4146.56445312
6702,5397.34326172
6703,4429.44482422
6704,4492.875
6705,5882.77246094
6706,3687.09155273
6707,5798.54003906
6708,5461.99316406
6709,5210.65673828
6710,5784.81787109
6711,5118.84082031
6712,5316.47900391
6713,3973.30615234
6714,6288.57910156
6715,5651.93310547
6716,5253.97753906
6717,5352.53466797
6718,5445.51318359
6719,8156.68701172
6720,4266.10986328
6721,3995.14428711
6722,5107.50097656
6723,6236.890625
6724,5793.07324219
6725,3861.72021484
6726,3402.48706055
6727,6163.79394531
6728,6730.54833984
6729,4592.88525391
6730,6447.10302734
6731,5527.47460938
6732,4852.02050781
6733,4275.34912109
6734,2528.37524414
6735,5476.00976562
6736,5439.82324219
6737,4977.88769531
6738,7412.08886719
6739,6555.89501953
6740,3991.98242188
6741,7324.32617188
6742,3386.72314453
6743,2433.72827148
6744,5809.48535156
6745,9638.97167969
6746,6663.63037109
6747,5433.26367188
6748,3356.11816406
6749,5258.66015625
6750,6195.18603516
6751,4443.52832031
6752,6956.67382812
6753,3750.21801758
6754,4196.99951172
6755,4169.80761719
6756,4351.109375
6757,4290.56396484
6758,3774.85058594
6759,3795.4206543
6760,3383.67163086
6761,5576.86962891
6762,5045.20751953
6763,4006.96069336
6764,5203.94628906
6765,5532.27978516
6766,4358.52832031
6767,5052.45556641
6768,7181.04638672
6769,5803.36523438
6770,5062.69775391
6771,2830.49194336
6772,8578.55664062
6773,5463.68652344
6774,4134.65966797
6775,6432.45947266
6776,6214.29003906
6777,5768.78320312
6778,4750.54980469
6779,6267.16650391
6780,6967.85644531
6781,10062.9941406
6782,3764.72387695
6783,3412.12792969
6784,4387.92919922
6785,5475.86376953
6786,4790.39306641
6787,5876.1328125
6788,7168.18066406
6789,4886.48828125
6790,3437.11962891
6791,4551.08007812
6792,7986.57568359
6793,3814.578125
6794,5716.28271484
6795,3208.97241211
6796,6014.62695312
6797,6227.80126953
6798,6125.61572266
6799,6581.98486328
6800,5297.37011719
6801,3579.70117188
6802,5413.88427734
6803,5895.765625
6804,7207.60888672
6805,6132.28564453
6806,6939.11865234
6807,4800.36474609
6808,3684.53173828
6809,8091.61328125
6810,3586.4621582
6811,8737.82519531
6812,5343.64794922
6813,3564.109375
6814,5910.95166016
6815,5293.19775391
6816,6156.08496094
6817,6981.28076172
6818,3426.32958984
6819,3757.32250977
6820,5804.57763672
6821,6488.81298828
6822,8075.09082031
6823,4649.84765625
6824,5016.32958984
6825,4281.89990234
6826,5481.04199219
6827,4143.59082031
6828,8191.43505859
6829,6815.453125
6830,9404.1484375
6831,3598.83081055
6832,4710.46289062
6833,9206.46972656
6834,7306.59667969
6835,3679.15478516
6836,8515.63964844
6837,5368.32373047
6838,4431.02539062
6839,4290.92431641
6840,3884.10864258
6841,4570.11669922
6842,4412.37451172
6843,3715.9465332
6844,3768.43554688
6845,6860.12207031
6846,6075.109375
6847,19437.1601562
6848,5767.26513672
6849,3509.35986328
6850,5898.39257812
6851,7792.53076172
6852,4998.80908203
6853,5951.97558594
6854,5053.53515625
6855,6768.53125
6856,6006.27441406
6857,3545.26220703
6858,4676.77734375
6859,5427.09423828
6860,7101.38818359
6861,5897.13818359
6862,7769.80615234
6863,3848.79003906
6864,3832.95458984
6865,3918.68188477
6866,8282.94726562
6867,8752.65527344
6868,7289.52148438
6869,6311.90771484
6870,3266.48193359
6871,4678.19580078
6872,3313.82177734
6873,6843.58789062
6874,8297.39257812
6875,8396.50878906
6876,4385.10058594
6877,3812.49731445
6878,3565.53759766
6879,4994.62451172
6880,8785.24902344
6881,5110.45898438
6882,3811.66088867
6883,3929.78466797
6884,6556.55810547
6885,3166.94042969
6886,6238.70556641
6887,3197.72998047
6888,5667.04785156
6889,5183.06103516
6890,4513.80322266
6891,6821.09179688
6892,5209.17578125
6893,4472.43652344
6894,5788.99658203
6895,5634.66992188
6896,9130.20019531
6897,4857.19775391
6898,6670.36474609
6899,7111.25048828
6900,7899.91992188
6901,5515.90869141
6902,7479.54150391
6903,3321.54443359
6904,4071.45898438
6905,5130.58691406
6906,4963.19433594
6907,8019.72753906
6908,6237.13476562
6909,4347.13476562
6910,5759.86572266
6911,5886.15185547
6912,7624.21630859
6913,3177.32910156
6914,11478.0566406
6915,3484.79345703
6916,5310.70117188
6917,6944.83984375
6918,4030.56347656
6919,4569.58056641
6920,4795.70605469
6921,6022.54345703
6922,4182.76318359
6923,4512.53369141
6924,6670.60693359
6925,6441.37451172
6926,5400.20654297
6927,4211.15527344
6928,6544.38085938
6929,10071.0976562
6930,5576.72558594
6931,4100.66796875
6932,5360.74023438
6933,5696.02490234
6934,5601.96435547
6935,6496.48632812
6936,3183.90722656
6937,6400.75048828
6938,5253.98242188
6939,5610.00097656
6940,6754.59423828
6941,3724.75488281
6942,4095.73486328
6943,3906.62646484
6944,6909.2734375
6945,7258.64746094
6946,4476.07226562
6947,3812.21362305
6948,5761.39306641
6949,4753.35107422
6950,4465.18115234
6951,6482.86230469
6952,5342.68994141
6953,6761.90429688
6954,4518.03417969
6955,3914.26586914
6956,4903.35791016
6957,6976.30224609
6958,6397.15576172
6959,6699.65771484
6960,6880.09472656
6961,4627.52490234
6962,7094.23291016
6963,4582.81103516
6964,4996.05859375
6965,7573.640625
6966,5006.89306641
6967,8586.03027344
6968,6922.57861328
6969,5713.66601562
6970,4644.12939453
6971,6443.27929688
6972,5959.55957031
6973,5037.85449219
6974,3178.68139648
6975,4619.52441406
6976,6533.38525391
6977,4260.15673828
6978,3424.74780273
6979,6598.80029297
6980,5733.56005859
6981,4930.22167969
6982,4838.62207031
6983,4206.53076172
6984,5724.42333984
6985,6052.13671875
6986,5042.24902344
6987,4398.94726562
6988,4614.02441406
6989,5415.98144531
6990,2759.3671875
6991,4959.55957031
6992,3892.85498047
6993,7048.18798828
6994,6110.52441406
6995,5280.04150391
6996,9606.17089844
6997,4239.21484375
6998,4384.86279297
6999,8717.18945312
7000,5466.16748047
7001,6910.17675781
7002,6554.47558594
7003,3969.06713867
7004,5337.04638672
7005,4611.05029297
7006,6520.82177734
7007,9368.22265625
7008,5192.71044922
7009,2362.86083984
7010,4279.83007812
7011,6825.33496094
7012,7340.18115234
7013,4641.78662109
7014,5618.28515625
7015,4174.65527344
7016,4381.81445312
7017,2815.59472656
7018,3903.1027832
7019,4950.53710938
7020,5836.31689453
7021,5932.23486328
7022,5423.21875
7023,6772.34130859
7024,7364.80273438
7025,6772.86425781
7026,3823.28466797
7027,8286.03613281
7028,8126.19238281
7029,4176.42382812
7030,6033.47900391
7031,4046.68603516
7032,5729.03369141
7033,2818.51855469
7034,5462.44628906
7035,3764.70581055
7036,8303.77441406
7037,6164.89892578
7038,6677.20166016
7039,6769.89355469
7040,4330.10888672
7041,6557.10205078
7042,16473.7695312
7043,8228.54394531
7044,4362.109375
7045,2235.77905273
7046,5006.98876953
7047,6454.32666016
7048,4911.76513672
7049,11172.265625
7050,17425.28125
7051,3342.12768555
7052,4221.06494141
7053,7503.04199219
7054,4099.54150391
7055,6044.46972656
7056,4832.23876953
7057,6150.25097656
7058,4460.00488281
7059,4925.52587891
7060,5010.09863281
7061,6339.57177734
7062,7000.07763672
7063,5218.42626953
7064,4786.56542969
7065,5894.28125
7066,3884.19750977
7067,4334.91113281
7068,6565.98339844
7069,4463.78417969
7070,4658.67773438
7071,5918.61914062
7072,5070.0625
7073,5049.13623047
7074,5972.72167969
7075,5758.6953125
7076,6941.95898438
7077,6510.04589844
7078,6025.52539062
7079,4736.65429688
7080,3001.46020508
7081,5133.75439453
7082,5689.50341797
7083,4926.34326172
7084,3709.83325195
7085,6989.109375
7086,5504.13085938
7087,8405.39453125
7088,6321.02880859
7089,4173.12597656
7090,4146.04589844
7091,3797.28955078
7092,7781.41992188
7093,4182.61132812
7094,6424.36572266
7095,12845.2753906
7096,6617.70263672
7097,5266.11914062
7098,3999.47583008
7099,3877.9296875
7100,5575.19921875
7101,3203.44238281
7102,5006.31054688
7103,8669.60351562
7104,4410.80029297
7105,12164.2197266
7106,11108.609375
7107,4470.32910156
7108,5602.12451172
7109,5184.07470703
7110,5535.22558594
7111,4484.93652344
7112,9359.93359375
7113,5874.15478516
7114,6897.77685547
7115,3504.64599609
7116,6775.9921875
7117,4410.80908203
7118,7523.96777344
7119,5118.53759766
7120,4882.73291016
7121,5622.12353516
7122,5530.64941406
7123,6632.89501953
7124,7977.69873047
7125,5288.06054688
7126,8322.61328125
7127,5686.90966797
7128,8112.74853516
7129,5068.76611328
7130,4311.45019531
7131,4226.35888672
7132,7523.75976562
7133,5100.26660156
7134,5965.70751953
7135,5344.8359375
7136,7375.46728516
7137,4057.99658203
7138,6442.64013672
7139,5606.97363281
7140,3342.20092773
7141,11237.5722656
7142,14800.1923828
7143,5465.0
7144,5243.49853516
7145,7509.15625
7146,8420.38378906
7147,9741.97949219
7148,4222.76416016
7149,6179.52880859
7150,4697.7734375
7151,6804.20361328
7152,3316.52905273
7153,4523.55322266
7154,4404.84277344
7155,4670.61621094
7156,6504.9375
7157,4440.00341797
7158,3428.71630859
7159,5775.92480469
7160,3256.73388672
7161,3754.92895508
7162,5221.95166016
7163,5194.50390625
7164,7710.05371094
7165,7373.17382812
7166,5993.50634766
7167,5494.31640625
7168,5330.78369141
7169,9556.19433594
7170,5948.82519531
7171,4063.2800293
7172,4193.73779297
7173,7490.88623047
7174,3988.51855469
7175,6176.40576172
7176,2822.76220703
7177,4244.515625
7178,5648.4296875
7179,5241.42822266
7180,4379.38671875
7181,7998.4453125
7182,8134.97070312
7183,10591.7685547
7184,5009.53027344
7185,7968.59619141
7186,2769.37939453
7187,4608.64892578
7188,5229.66748047
7189,3149.24365234
7190,6670.55566406
7191,4069.74243164
7192,4637.17089844
7193,7569.84912109
7194,9029.61230469
7195,6932.10644531
7196,4517.64599609
7197,3530.99902344
7198,9111.00097656
7199,7469.34716797
7200,4761.89160156
7201,4270.75585938
7202,5615.87402344
7203,7333.51904297
7204,3923.41723633
7205,5106.90185547
7206,6605.51904297
7207,6675.48828125
7208,11254.8300781
7209,4806.72460938
7210,11359.8486328
7211,5387.25683594
7212,4478.98535156
7213,2589.63427734
7214,5006.45361328
7215,4759.60351562
7216,4667.01757812
7217,6095.94189453
7218,4237.33496094
7219,3550.2980957
7220,5605.54541016
7221,3040.06079102
7222,6683.56689453
7223,5599.56591797
7224,6588.24072266
7225,7142.93554688
7226,3906.85009766
7227,7780.42578125
7228,5744.59033203
7229,4858.01318359
7230,4993.83349609
7231,4752.73925781
7232,8616.47460938
7233,5834.55224609
7234,3920.84301758
7235,6025.30712891
7236,6772.63818359
7237,5732.72900391
7238,4921.98925781
7239,7294.24414062
7240,5003.17382812
7241,5396.93652344
7242,4887.43017578
7243,7429.29541016
7244,4665.28173828
7245,4939.16503906
7246,4263.95410156
7247,4076.60424805
7248,3509.16552734
7249,4184.69482422
7250,6969.97705078
7251,7134.15869141
7252,9130.95800781
7253,8602.39941406
7254,6688.68164062
7255,5586.85205078
7256,4680.14648438
7257,9802.86035156
7258,8684.484375
7259,5362.89355469
7260,7216.01416016
7261,6794.36572266
7262,4872.23242188
7263,3202.00024414
7264,9151.62988281
7265,5433.98339844
7266,5639.71923828
7267,4779.671875
7268,2024.82788086
7269,9140.61230469
7270,5458.08691406
7271,4978.43847656
7272,4337.88085938
7273,4444.62207031
7274,5654.34814453
7275,5896.1875
7276,5580.07275391
7277,5030.04248047
7278,3641.87915039
7279,3459.890625
7280,2497.53808594
7281,5825.81054688
7282,16045.9257812
7283,3511.50976562
7284,4924.18261719
7285,5815.18994141
7286,4357.28125
7287,4182.75097656
7288,4430.53466797
7289,3254.02270508
7290,5960.9921875
7291,5582.46826172
7292,3182.69262695
7293,7138.00439453
7294,3780.82202148
7295,4192.18164062
7296,8040.23046875
7297,6440.05371094
7298,8296.79980469
7299,3942.06567383
7300,5301.57568359
7301,4020.99365234
7302,4030.34057617
7303,13361.2929688
7304,8976.88769531
7305,5459.47705078
7306,4322.91992188
7307,3796.81860352
7308,5006.80224609
7309,3740.27905273
7310,7844.96435547
7311,4471.66455078
7312,4596.11962891
7313,5728.26318359
7314,3843.53222656
7315,5550.98144531
7316,5674.31787109
7317,5795.93066406
7318,5621.24462891
7319,3188.27514648
7320,4720.75878906
7321,4883.79492188
7322,7437.73242188
7323,7226.20117188
7324,5810.79296875
7325,3399.64501953
7326,7116.94335938
7327,4837.29345703
7328,3784.19921875
7329,5799.23730469
7330,6066.16943359
7331,5344.22412109
7332,5237.67529297
7333,5456.14013672
7334,4860.34912109
7335,4916.15234375
7336,5955.06494141
7337,5485.40917969
7338,4360.98242188
7339,7819.62451172
7340,4763.92724609
7341,3696.46630859
7342,9525.75390625
7343,4491.16162109
7344,3233.55297852
7345,6157.83544922
7346,7359.20654297
7347,8069.20068359
7348,4255.06347656
7349,4662.27441406
7350,5085.04248047
7351,6269.88085938
7352,4623.81396484
7353,6569.40332031
7354,2607.89697266
7355,4400.30273438
7356,4859.45019531
7357,4528.21191406
7358,3920.42407227
7359,6289.56298828
7360,6092.30859375
7361,5183.8671875
7362,6540.67431641
7363,4991.40966797
7364,7020.37744141
7365,4090.43676758
7366,5508.36914062
7367,5447.72119141
7368,6661.45703125
7369,6858.58447266
7370,2673.40698242
7371,7804.20117188
7372,5444.30273438
7373,6006.43994141
7374,4257.24365234
7375,3410.77392578
7376,6619.35058594
7377,4520.37841797
7378,7403.17919922
7379,5256.15771484
7380,4517.41748047
7381,6203.74853516
7382,5032.24511719
7383,4277.11572266
7384,6373.47021484
7385,4261.08300781
7386,7650.34521484
7387,8475.65820312
7388,6398.94970703
7389,3988.6706543
7390,4192.00976562
7391,3336.69628906
7392,2615.53881836
7393,6591.99316406
7394,4269.33007812
7395,7311.36523438
7396,3407.74951172
7397,4664.41845703
7398,4905.66894531
7399,7934.30126953
7400,4368.95996094
7401,4380.16796875
7402,4099.13525391
7403,6264.59033203
7404,4470.48291016
7405,6176.73535156
7406,6584.90478516
7407,7182.19677734
7408,6273.70361328
7409,6237.47949219
7410,5003.07373047
7411,3846.71972656
7412,4038.84204102
7413,8860.03125
7414,7531.77929688
7415,6686.37890625
7416,13863.6972656
7417,4190.08642578
7418,4231.77685547
7419,4802.32470703
7420,7390.21240234
7421,8228.46582031
7422,5724.89306641
7423,6928.94042969
7424,6728.12207031
7425,6515.32568359
7426,5366.77734375
7427,4131.97460938
7428,3878.74707031
7429,3890.32324219
7430,3160.85864258
7431,3865.52001953
7432,6600.55615234
7433,13253.7929688
7434,5716.35351562
7435,4332.33984375
7436,5835.62695312
7437,3247.42993164
7438,4936.37646484
7439,3397.05151367
7440,7745.04150391
7441,5577.55566406
7442,5070.52636719
7443,11008.1494141
7444,11243.84375
7445,4183.37744141
7446,5891.81933594
7447,3665.46777344
7448,4580.91015625
7449,4878.34765625
7450,6976.66113281
7451,3839.49755859
7452,3813.05395508
7453,4680.90087891
7454,4857.80029297
7455,5471.27978516
7456,5355.75732422
7457,3829.13208008
7458,6095.75585938
7459,6921.3046875
7460,5593.89648438
7461,3475.6237793
7462,3364.27294922
7463,6672.92285156
7464,3712.55932617
7465,8672.34082031
7466,3425.40795898
7467,4119.76220703
7468,5356.69726562
7469,4640.25976562
7470,3902.97631836
7471,4483.19140625
7472,5191.37353516
7473,8282.7890625
7474,7730.59814453
7475,4800.62548828
7476,3539.53466797
7477,5000.71679688
7478,4803.56201172
7479,4224.6015625
7480,4816.34423828
7481,5003.68945312
7482,9842.45214844
7483,5855.53222656
7484,4965.84619141
7485,6790.68554688
7486,3756.47680664
7487,7725.25439453
7488,4389.53710938
7489,10726.3779297
7490,5031.40087891
7491,4397.90673828
7492,4402.41064453
7493,3481.79272461
7494,6101.83447266
7495,18056.9824219
7496,3428.39599609
7497,3859.85668945
7498,7600.93798828
7499,5511.78027344
7500,5746.05908203
7501,7013.47705078
7502,4972.11230469
7503,4372.49511719
7504,3727.37109375
7505,8397.59082031
7506,4813.84570312
7507,6120.06152344
7508,6576.19287109
7509,4067.2512207
7510,6731.60791016
7511,4990.04785156
7512,3694.08666992
7513,7225.41552734
7514,7221.6328125
7515,3730.20214844
7516,6323.04296875
7517,5202.83447266
7518,4093.72680664
7519,7998.4453125
7520,5634.25634766
7521,6244.53955078
7522,3904.56982422
7523,3795.14575195
7524,6140.70263672
7525,2938.15551758
7526,6591.16357422
7527,3390.08496094
7528,5087.82763672
7529,4020.11157227
7530,4943.15722656
7531,5364.9609375
7532,5739.03125
7533,5317.7265625
7534,6892.20019531
7535,4502.86376953
7536,6288.14160156
7537,5463.35839844
7538,6463.80761719
7539,8144.69091797
7540,6172.86035156
7541,2527.01757812
7542,4947.19042969
7543,5910.83349609
7544,3430.79052734
7545,10208.8818359
7546,4525.56054688
7547,4810.48583984
7548,8663.90039062
7549,5623.94189453
7550,2954.23242188
7551,10170.3476562
7552,8425.94335938
7553,4968.97363281
7554,6260.18212891
7555,7906.77197266
7556,4964.29785156
7557,4335.58105469
7558,5494.75683594
7559,4509.45703125
7560,4640.4453125
7561,5896.76123047
7562,3699.08007812
7563,6179.41699219
7564,5590.90380859
7565,5246.91552734
7566,5972.91552734
7567,4978.51904297
7568,5460.23193359
7569,3508.26171875
7570,6162.72363281
7571,5808.96972656
7572,4914.87695312
7573,5537.13183594
7574,5623.49707031
7575,8114.79931641
7576,4409.0
7577,4137.05810547
7578,4827.84326172
7579,6196.43310547
7580,6072.16064453
7581,3917.75512695
7582,3431.01342773
7583,6836.26123047
7584,6710.61279297
7585,4666.30517578
7586,6492.74462891
7587,5472.99169922
7588,5502.79199219
7589,4151.13085938
7590,2508.78613281
7591,5531.59423828
7592,5566.96289062
7593,4864.28271484
7594,7392.58105469
7595,7159.58496094
7596,4115.63769531
7597,6646.23828125
7598,3499.4074707
7599,2373.85375977
7600,5864.25732422
7601,9984.24804688
7602,6275.97753906
7603,5663.96240234
7604,3306.03222656
7605,5534.17480469
7606,6136.94335938
7607,4608.52587891
7608,6843.09130859
7609,3856.63256836
7610,4056.83569336
7611,4330.73681641
7612,4298.78173828
7613,4566.99609375
7614,3827.36450195
7615,3639.75341797
7616,3596.63427734
7617,5698.36132812
7618,5055.30957031
7619,3897.39550781
7620,5237.40039062
7621,5580.20019531
7622,4339.05615234
7623,4996.25439453
7624,7218.00390625
7625,6110.70556641
7626,4700.00537109
7627,2920.86303711
7628,8748.05664062
7629,5155.40966797
7630,4253.42431641
7631,6093.27929688
7632,6832.54541016
7633,5912.84130859
7634,4789.17285156
7635,6398.85839844
7636,7289.47998047
7637,10282.4931641
7638,3842.58642578
7639,3463.09375
7640,4137.39794922
7641,5185.54833984
7642,4508.34326172
7643,6439.80810547
7644,6918.45996094
7645,5027.51464844
7646,3367.43896484
7647,4526.33349609
7648,7250.86962891
7649,3904.30175781
7650,5773.64453125
7651,3237.28759766
7652,6080.2109375
7653,6259.90185547
7654,6174.42626953
7655,6969.27246094
7656,5215.11181641
7657,3505.29785156
7658,5144.37158203
7659,6108.68896484
7660,7324.71777344
7661,6218.87939453
7662,6606.12451172
7663,4657.04736328
7664,3785.24633789
7665,8338.54492188
7666,3683.46337891
7667,8884.02148438
7668,5176.12451172
7669,3635.22900391
7670,5979.07177734
7671,5110.85888672
7672,6412.49511719
7673,7141.50439453
7674,3345.22509766
7675,3704.43701172
7676,5876.81103516
7677,6557.07080078
7678,8138.14501953
7679,5090.44873047
7680,4939.2734375
7681,4253.68408203
7682,5428.9375
7683,4059.99462891
7684,8202.09863281
7685,6835.64794922
7686,9969.05175781
7687,3683.21069336
7688,4885.97070312
7689,9221.57714844
7690,6761.43359375
7691,3706.37402344
7692,8225.13867188
7693,5455.47949219
7694,4620.921875
7695,3959.71508789
7696,3985.11865234
7697,4447.75634766
7698,4491.89404297
7699,3727.77636719
7700,3777.95214844
7701,6842.74560547
7702,5707.93554688
7703,19339.9492188
7704,5721.02832031
7705,3585.18969727
7706,5940.56396484
7707,8658.56347656
7708,5219.03369141
7709,6049.02001953
7710,5280.1171875
7711,6388.625
7712,5806.73193359
7713,3499.26391602
7714,4722.20458984
7715,5398.76953125
7716,6877.49023438
7717,5952.23095703
7718,7806.40527344
7719,3752.73022461
7720,3746.89257812
7721,3831.14868164
7722,8039.31054688
7723,8961.90039062
7724,7336.70898438
7725,6421.25390625
7726,3611.89306641
7727,4756.7890625
7728,3277.21606445
7729,6969.28515625
7730,8285.47558594
7731,8311.35742188
7732,4352.74511719
7733,3786.73413086
7734,3786.55371094
7735,4804.47363281
7736,8323.35253906
7737,5256.52392578
7738,3858.28857422
7739,3812.94824219
7740,6341.74267578
7741,3169.68188477
7742,5992.04833984
7743,3275.76245117
7744,5522.77929688
7745,4999.76269531
7746,4637.53759766
7747,6901.85058594
7748,5137.46777344
7749,4218.04589844
7750,6072.26464844
7751,5471.49902344
7752,8707.30078125
7753,4994.08154297
7754,6499.00830078
7755,6843.56787109
7756,7977.28808594
7757,5539.61474609
7758,7451.61425781
7759,3282.34082031
7760,4471.36132812
7761,5042.06640625
7762,5185.37060547
7763,8017.46386719
7764,6306.3046875
7765,4428.95507812
7766,5959.69580078
7767,5838.16015625
7768,7488.37841797
7769,3304.63842773
7770,10984.5302734
7771,3491.21508789
7772,5254.74414062
7773,7001.25927734
7774,4010.36767578
7775,4447.75195312
7776,4871.59130859
7777,6081.6953125
7778,4237.42382812
7779,4478.78027344
7780,6642.07421875
7781,6471.07470703
7782,5510.78662109
7783,4070.08837891
7784,6785.75146484
7785,9934.06542969
7786,5882.76757812
7787,4273.00146484
7788,5209.44433594
7789,5830.69677734
7790,5485.828125
7791,6410.93603516
7792,3281.47998047
7793,6382.8203125
7794,5333.73828125
7795,5641.95214844
7796,7001.89355469
7797,4019.44824219
7798,3994.27563477
7799,3710.08105469
7800,6890.41845703
7801,7291.05859375
7802,4422.84130859
7803,3978.98779297
7804,5629.52392578
7805,4800.16357422
7806,4427.95361328
7807,6603.89404297
7808,5316.81347656
7809,6976.421875
7810,4579.29785156
7811,3922.93457031
7812,4872.41845703
7813,6899.11914062
7814,6373.63378906
7815,6555.80761719
7816,6681.76904297
7817,4561.87597656
7818,7107.60253906
7819,4573.39599609
7820,4950.140625
7821,7724.09033203
7822,4923.03222656
7823,8754.27539062
7824,6638.09716797
7825,5944.49169922
7826,4768.77392578
7827,6588.11523438
7828,5971.61132812
7829,4990.98095703
7830,3120.41796875
7831,4639.80810547
7832,6419.37402344
7833,4164.95800781
7834,3381.17724609
7835,6816.06445312
7836,5725.58691406
7837,5016.38671875
7838,4920.86767578
7839,4312.42529297
7840,5858.33105469
7841,6011.86816406
7842,4919.57177734
7843,4575.49072266
7844,4810.72412109
7845,5542.57958984
7846,2735.0012207
7847,5884.60791016
7848,3932.16967773
7849,6974.8046875
7850,6110.55371094
7851,5192.18554688
7852,9418.92285156
7853,3733.5378418
7854,4260.23828125
7855,8794.49609375
7856,5370.00341797
7857,6787.05957031
7858,6597.10107422
7859,4038.17211914
7860,5531.7734375
7861,4642.84033203
7862,6709.55664062
7863,9266.515625
7864,5451.17236328
7865,2438.14257812
7866,3820.42651367
7867,6771.55322266
7868,7200.54541016
7869,4595.56298828
7870,5681.35791016
7871,4203.46582031
7872,4413.25
7873,2862.04956055
7874,4247.12402344
7875,5004.91162109
7876,5600.23876953
7877,6085.11914062
7878,5519.61376953
7879,6620.46826172
7880,7429.31640625
7881,6751.11669922
7882,3719.20898438
7883,8508.73046875
7884,7911.54736328
7885,4311.43847656
7886,6207.70214844
7887,3975.4140625
7888,5607.26220703
7889,2822.00708008
7890,5444.21972656
7891,3700.78833008
7892,8445.10058594
7893,6298.61621094
7894,6647.20166016
7895,6866.29492188
7896,4462.17919922
7897,6600.29199219
7898,16570.2675781
7899,8058.03417969
7900,4505.93115234
7901,2279.09594727
7902,4987.76904297
7903,6730.16308594
7904,4933.23681641
7905,11333.4423828
7906,17565.5097656
7907,3306.9375
7908,4280.67871094
7909,7479.5703125
7910,3864.55029297
7911,5941.58935547
7912,4970.06396484
7913,6266.33544922
7914,4485.86083984
7915,4898.14550781
7916,5030.73388672
7917,6569.07128906
7918,6710.03662109
7919,5247.94189453
7920,4760.73828125
7921,5869.48974609
7922,3912.27270508
7923,4356.30859375
7924,6527.85400391
7925,4502.98388672
7926,4682.87451172
7927,6033.56005859
7928,5472.79345703
7929,4853.72900391
7930,6186.58251953
7931,5676.42871094
7932,6807.39111328
7933,7034.94970703
7934,6625.19970703
7935,4815.72851562
7936,2971.72070312
7937,4959.28564453
7938,5971.92431641
7939,4966.14941406
7940,3801.95068359
7941,7019.55419922
7942,5469.81347656
7943,8179.11523438
7944,6471.29736328
7945,4224.53320312
7946,4225.27880859
7947,3901.38305664
7948,8006.13867188
7949,4144.53955078
7950,6463.86328125
7951,13540.4560547
7952,6682.05615234
7953,5423.75634766
7954,4046.30029297
7955,3907.62548828
7956,5654.58056641
7957,3210.23999023
7958,5138.33496094
7959,8829.65234375
7960,4443.52832031
7961,12223.5791016
7962,11348.5107422
7963,4544.27783203
7964,5675.08056641
7965,5333.18408203
7966,5629.31982422
7967,4571.50292969
7968,9302.57421875
7969,5762.57470703
7970,7263.03808594
7971,3482.58691406
7972,6787.30517578
7973,4336.17626953
7974,7528.12402344
7975,5108.47558594
7976,4926.27294922
7977,5653.29150391
7978,5589.21386719
7979,6631.57910156
7980,8313.79882812
7981,5198.06787109
7982,8134.53710938
7983,5635.43310547
7984,8039.41748047
7985,5430.22167969
7986,4175.515625
7987,4135.48046875
7988,7412.56298828
7989,5138.50634766
7990,5967.24414062
7991,5242.53369141
7992,7375.45263672
7993,3818.7578125
7994,7205.78710938
7995,5854.28662109
7996,3351.23291016
7997,10635.8447266
7998,14988.2382812
7999,5418.71972656
8000,5167.51611328
8001,7618.27001953
8002,8458.87695312
8003,10173.3740234
8004,4530.15185547
8005,6241.13964844
8006,4714.61181641
8007,6912.15380859
8008,3438.36572266
8009,4585.76708984
8010,4304.69873047
8011,4723.93457031
8012,6738.35888672
8013,4338.31933594
8014,3342.90258789
8015,5880.60742188
8016,3206.23095703
8017,3625.66333008
8018,5276.69824219
8019,4886.609375
8020,7478.15039062
8021,7278.28076172
8022,6020.86083984
8023,5478.14697266
8024,5181.87451172
8025,9739.1171875
8026,6008.19384766
8027,4033.69042969
8028,4151.33740234
8029,7648.7109375
8030,3974.90966797
8031,6018.265625
8032,2891.29736328
8033,4184.23974609
8034,5754.58789062
8035,5218.13232422
8036,4330.86914062
8037,7820.73632812
8038,8142.80371094
8039,10630.3173828
8040,5261.11865234
8041,7868.69726562
8042,2722.37060547
8043,4605.81005859
8044,5247.6015625
8045,3093.96289062
8046,6708.49462891
8047,4131.70263672
8048,4800.35986328
8049,7577.00048828
8050,8932.96972656
8051,6667.2734375
8052,4641.75585938
8053,3571.36865234
8054,8900.35546875
8055,7194.64111328
8056,4962.63574219
8057,4231.76513672
8058,5622.10791016
8059,7717.79394531
8060,3671.81616211
8061,5258.84570312
8062,6461.36669922
8063,6582.77001953
8064,11652.0556641
8065,4591.05419922
8066,11242.5039062
8067,5437.71679688
8068,4605.46777344
8069,2655.58618164
8070,5001.02685547
8071,4723.24951172
8072,4688.56005859
8073,5961.19091797
8074,4206.98339844
8075,3600.11157227
8076,5524.90771484
8077,3089.34692383
8078,6713.18017578
8079,5627.52099609
8080,6668.13232422
8081,7092.18310547
8082,3908.60571289
8083,8035.91455078
8084,5763.31103516
8085,4791.37109375
8086,4895.35742188
8087,4224.48925781
8088,8662.19042969
8089,5925.73144531
8090,3956.50195312
8091,5663.06005859
8092,6680.97900391
8093,5713.57861328
8094,4947.12890625
8095,7183.02587891
8096,5063.90478516
8097,5417.25732422
8098,4823.45214844
8099,7196.67285156
8100,4886.87988281
8101,5151.95410156
8102,4118.93701172
8103,3982.67895508
8104,3595.43359375
8105,4243.80273438
8106,6771.72119141
8107,7534.96289062
8108,9075.27832031
8109,8548.84179688
8110,6696.68652344
8111,5794.64794922
8112,4968.77929688
8113,10118.9794922
8114,8837.60644531
8115,5086.82763672
8116,7297.86279297
8117,7468.87646484
8118,4751.14355469
8119,3379.53271484
8120,9102.66308594
8121,5264.70751953
8122,5555.24511719
8123,4771.20361328
8124,1909.38183594
8125,8900.2109375
8126,5421.671875
8127,4950.86767578
8128,4388.53222656
8129,4321.61669922
8130,6072.29931641
8131,5807.09228516
8132,5595.64648438
8133,5156.02441406
8134,3588.75512695
8135,3179.49414062
8136,2557.37084961
8137,5805.49169922
8138,16250.0605469
8139,3544.28491211
8140,4885.32324219
8141,5679.41845703
8142,4552.22167969
8143,4255.859375
8144,4479.40380859
8145,3212.2590332
8146,5946.0
8147,5452.39990234
8148,3160.69580078
8149,7109.18212891
8150,3644.13793945
8151,4380.54443359
8152,8277.0546875
8153,6427.47949219
8154,8513.24316406
8155,4230.89306641
8156,5550.3515625
8157,4153.79296875
8158,4091.81420898
8159,12556.9101562
8160,8568.18066406
8161,5493.30517578
8162,4381.2421875
8163,3863.5222168
8164,4963.68212891
8165,3845.78417969
8166,8251.16992188
8167,4658.61132812
8168,4552.40820312
8169,5714.59765625
8170,3859.21972656
8171,5704.20703125
8172,5570.08105469
8173,5818.10839844
8174,5529.27832031
8175,3292.40429688
8176,4795.62792969
8177,4488.00048828
8178,7427.61572266
8179,7461.24365234
8180,5996.65722656
8181,3483.53686523
8182,7076.25634766
8183,4900.14550781
8184,3762.50170898
8185,6024.37597656
8186,6197.67431641
8187,5404.96289062
8188,5206.46875
8189,5479.35888672
8190,4884.95507812
8191,5171.79101562
8192,6154.17724609
8193,5445.01416016
8194,4149.54785156
8195,7823.14550781
8196,4815.61865234
8197,3636.72363281
8198,9527.3359375
8199,4543.19433594
8200,3012.67407227
8201,6531.46630859
8202,7306.60351562
8203,8108.06152344
8204,4200.39550781
8205,4878.20361328
8206,4996.24462891
8207,6288.29736328
8208,4686.19482422
8209,6356.43457031
8210,2548.68139648
8211,4411.38964844
8212,4717.13525391
8213,4582.98632812
8214,3901.44238281
8215,6497.94873047
8216,6089.26464844
8217,5247.61181641
8218,6578.39501953
8219,4900.27636719
8220,7036.20458984
8221,3798.62646484
8222,5458.51367188
8223,5372.61669922
8224,6623.57568359
8225,6594.43359375
8226,2694.89282227
8227,7822.22070312
8228,5128.80078125
8229,6159.45019531
8230,4468.18066406
8231,3417.07910156
8232,6364.80712891
8233,3243.27514648
8234,7314.03613281
8235,5393.36523438
8236,4634.53955078
8237,6058.10888672
8238,5249.37841797
8239,4235.01123047
8240,6261.02441406
8241,4188.33642578
8242,7623.19091797
8243,8357.84570312
8244,6611.02832031
8245,4059.54150391
8246,4110.953125
8247,3358.77661133
8248,2595.0480957
8249,6721.02832031
8250,4239.34033203
8251,7697.57714844
8252,3389.609375
8253,4574.95361328
8254,4933.19042969
8255,7281.84960938
8256,4119.95898438
8257,4290.08105469
8258,4098.55664062
8259,6367.97070312
8260,4588.41845703
8261,5969.94824219
8262,6650.765625
8263,7115.83056641
8264,6441.41162109
8265,6336.94189453
8266,5046.34863281
8267,3928.57788086
8268,4107.62890625
8269,9086.76269531
8270,7210.703125
8271,7044.46435547
8272,13921.1748047
8273,4396.56884766
8274,4216.07128906
8275,4910.13525391
8276,7518.66601562
8277,8047.51123047
8278,5740.12646484
8279,7193.30322266
8280,6623.75292969
8281,6430.86474609
8282,5407.77392578
8283,4074.68383789
8284,4045.77490234
8285,3909.64624023
8286,3106.35766602
8287,3858.29589844
8288,6643.27197266
8289,12961.546875
8290,5601.73974609
8291,4128.38574219
8292,5705.32324219
8293,3073.5612793
8294,4858.19433594
8295,3543.70336914
8296,8123.73583984
8297,5463.52490234
8298,5260.71728516
8299,10740.8955078
8300,10982.1845703
8301,4234.63574219
8302,5812.48925781
8303,3480.17578125
8304,4587.95068359
8305,4915.92236328
8306,6833.05371094
8307,3768.37084961
8308,3748.69433594
8309,4720.17822266
8310,4895.88476562
8311,5640.05810547
8312,5321.95361328
8313,3919.18286133
8314,6262.52929688
8315,7104.75537109
8316,5612.80029297
8317,3440.96459961
8318,3281.25463867
8319,6939.29736328
8320,3639.86132812
8321,8724.50097656
8322,3458.60375977
8323,4077.49121094
8324,5306.16894531
8325,4915.88964844
8326,3935.46801758
8327,4496.00488281
8328,5042.90332031
8329,8258.55566406
8330,7553.29003906
8331,4877.3984375
8332,3687.12646484
8333,5000.90771484
8334,4825.46728516
8335,4415.34228516
8336,4945.98730469
8337,5141.84033203
8338,9593.26074219
8339,5895.89501953
8340,5148.48535156
8341,6716.38232422
8342,3768.55786133
8343,7848.50439453
8344,4505.52294922
8345,10661.5195312
8346,5092.5859375
8347,4414.34863281
8348,4489.69628906
8349,3621.10449219
8350,6214.35546875
8351,17519.1484375
8352,3218.21240234
8353,3779.33642578
8354,7996.43945312
8355,5572.1796875
8356,5442.66162109
8357,6803.10693359
8358,4825.58740234
8359,4274.72998047
8360,3793.23461914
8361,8516.58984375
8362,4788.99023438
8363,6244.73632812
8364,6382.11425781
8365,4115.24560547
8366,6768.18261719
8367,5288.52929688
8368,3579.6706543
8369,7537.78759766
8370,7906.14648438
8371,3707.85205078
8372,6378.40185547
8373,5151.56054688
8374,4102.64013672
8375,7974.9296875
8376,5739.07519531
8377,6258.50439453
8378,3937.30419922
8379,3852.96264648
8380,5942.32080078
8381,3014.30981445
8382,6584.25830078
8383,3216.54248047
8384,5287.52587891
8385,4189.09179688
8386,4936.91796875
8387,5427.96435547
8388,5885.87695312
8389,5269.98339844
8390,7012.94189453
8391,4541.79101562
8392,6240.90136719
8393,5262.73974609
8394,6045.95166016
8395,7852.42773438
8396,6267.72802734
8397,2434.73510742
8398,5023.68896484
8399,6140.92480469
8400,3280.99145508
8401,9728.70117188
8402,4385.77441406
8403,4901.80566406
8404,8889.19140625
8405,5984.95996094
8406,2936.75146484
8407,9782.01464844
8408,8543.88671875
8409,4873.42724609
8410,6336.33740234
8411,8644.03320312
8412,4748.29345703
8413,4531.69042969
8414,5642.13476562
8415,4593.09130859
8416,4529.90087891
8417,5846.78125
8418,3857.42749023
8419,6190.39550781
8420,5651.85742188
8421,5289.89697266
8422,5806.23876953
8423,5220.59179688
8424,5450.13232422
8425,3608.48022461
8426,6170.91748047
8427,5781.39794922
8428,5053.04882812
8429,5563.86767578
8430,5727.17041016
8431,8427.00390625
8432,4428.96289062
8433,4156.81347656
8434,4938.75048828
8435,6027.49707031
8436,6124.13769531
8437,3946.41137695
8438,3489.20092773
8439,6121.43945312
8440,6520.57958984
8441,4720.18701172
8442,6487.73046875
8443,5488.73291016
8444,4974.25634766
8445,3961.19604492
8446,2518.93359375
8447,5420.27099609
8448,5660.72705078
8449,5312.40869141
8450,7410.14501953
8451,6895.88867188
8452,4216.61425781
8453,6920.47265625
8454,3317.37060547
8455,2522.08129883
8456,5914.80419922
8457,10114.3769531
8458,6217.25439453
8459,5692.35302734
8460,3284.2421875
8461,5677.63085938
8462,5946.3515625
8463,4537.65087891
8464,6974.88476562
8465,3810.85375977
8466,4183.36962891
8467,4261.50585938
8468,4323.46386719
8469,4573.7890625
8470,3796.86914062
8471,3651.62988281
8472,3583.40478516
8473,5600.11572266
8474,5343.88769531
8475,3848.75317383
8476,5491.18359375
8477,5513.06347656
8478,4349.92285156
8479,4983.20361328
8480,6888.01367188
8481,5883.85595703
8482,4494.00683594
8483,2951.21826172
8484,9373.16503906
8485,5357.15722656
8486,4480.73779297
8487,5955.28027344
8488,6834.65039062
8489,6013.51416016
8490,4818.12695312
8491,6576.63183594
8492,7650.87792969
8493,9957.57226562
8494,3918.21850586
8495,3583.78759766
8496,4075.5
8497,5196.18847656
8498,4575.43359375
8499,5995.11328125
8500,6999.20947266
8501,4880.48828125
8502,3471.82617188
8503,4560.85791016
8504,7944.546875
8505,3901.15966797
8506,5846.546875
8507,3277.66918945
8508,6221.86376953
8509,6198.63183594
8510,6164.38183594
8511,7046.58105469
8512,5413.29003906
8513,3354.84741211
8514,5196.50585938
8515,6290.79931641
8516,7492.70800781
8517,6185.81542969
8518,6295.74560547
8519,4771.29443359
8520,3825.98461914
8521,8459.81347656
8522,3561.83520508
8523,9068.3046875
8524,5132.25585938
8525,3402.0456543
8526,5952.73095703
8527,5488.74316406
8528,6536.23974609
8529,7348.75537109
8530,3336.70898438
8531,3717.18725586
8532,5690.21435547
8533,6759.62158203
8534,7999.78808594
8535,5203.84716797
8536,5311.00537109
8537,4209.91015625
8538,5455.66650391
8539,4048.41601562
8540,8173.80419922
8541,7166.65673828
8542,9882.31640625
8543,3695.20751953
8544,5026.64208984
8545,9173.84472656
8546,7097.58984375
8547,3840.22290039
8548,8261.2734375
8549,5425.22070312
8550,4839.73925781
8551,4057.09472656
8552,3966.66357422
8553,4752.11816406
8554,4450.65527344
8555,3796.91625977
8556,3901.56152344
8557,6684.27441406
8558,5706.77587891
8559,19649.6972656
8560,5676.95361328
8561,3835.81494141
8562,5845.12451172
8563,8710.08398438
8564,5534.39648438
8565,6692.94482422
8566,5623.1640625
8567,6552.49414062
8568,5916.84130859
8569,3664.61132812
8570,4957.90917969
8571,5644.00292969
8572,7420.10302734
8573,6282.73974609
8574,8532.0703125
8575,4191.33447266
8576,4039.82836914
8577,4420.73242188
8578,8626.0703125
8579,10188.8144531
8580,7604.52734375
8581,6934.11669922
8582,3313.76831055
8583,5070.7734375
8584,3659.68212891
8585,7648.01757812
8586,9115.52148438
8587,9223.37109375
8588,4706.24121094
8589,4062.20263672
8590,3657.19360352
8591,5284.42480469
8592,8829.01269531
8593,5643.76074219
8594,4397.49169922
8595,4144.94238281
8596,6536.35839844
8597,3463.37792969
8598,6203.73632812
8599,3696.72363281
8600,6158.10498047
8601,5407.56738281
8602,5001.40380859
8603,7734.79492188
8604,5623.51806641
8605,4534.27587891
8606,6476.57666016
8607,5801.93212891
8608,9089.58007812
8609,5584.44921875
8610,6900.83691406
8611,7351.77685547
8612,8354.43457031
8613,5872.35644531
8614,7757.22509766
8615,3589.27905273
8616,4834.09179688
8617,5470.62207031
8618,5676.17431641
8619,8587.97167969
8620,6898.52001953
8621,4837.61572266
8622,6854.78466797
8623,6362.69482422
8624,7531.65771484
8625,3681.41894531
8626,11976.9521484
8627,3732.3059082
8628,5850.81445312
8629,7497.31884766
8630,4310.32763672
8631,4833.76025391
8632,5079.05566406
8633,6606.04882812
8634,4685.49755859
8635,4736.03564453
8636,7303.17578125
8637,6972.30371094
8638,6013.51416016
8639,4666.83056641
8640,7474.15039062
8641,11327.7480469
8642,6291.09326172
8643,4610.17041016
8644,5618.45166016
8645,6357.93847656
8646,5628.08984375
8647,7017.07714844
8648,3693.61816406
8649,7172.51025391
8650,5751.63037109
8651,6244.98046875
8652,7658.60986328
8653,4162.73388672
8654,4177.98193359
8655,4101.45068359
8656,7333.81298828
8657,7718.515625
8658,4886.79150391
8659,4352.00585938
8660,6180.70214844
8661,5158.83837891
8662,4695.0
8663,7105.74511719
8664,5753.1171875
8665,7340.43994141
8666,5052.96142578
8667,4363.890625
8668,5392.90722656
8669,7320.51318359
8670,6855.39257812
8671,7032.43408203
8672,7518.25048828
8673,4956.95849609
8674,7936.39013672
8675,4930.05273438
8676,5140.29589844
8677,8589.40527344
8678,5348.51318359
8679,9001.58886719
8680,6923.47021484
8681,6550.73828125
8682,4931.24707031
8683,7012.97558594
8684,6427.89648438
8685,5524.80273438
8686,3461.97729492
8687,4689.90625
8688,7071.32421875
8689,4381.04541016
8690,3508.18823242
8691,7478.87109375
8692,6116.02929688
8693,5443.63818359
8694,5317.16357422
8695,4671.76123047
8696,6169.37548828
8697,6712.93017578
8698,5202.37792969
8699,4934.56933594
8700,5608.96875
8701,6043.49560547
8702,2986.71899414
8703,5918.00390625
8704,4427.81396484
8705,7454.38671875
8706,6736.93896484
8707,5639.64941406
8708,10461.9423828
8709,4108.765625
8710,4675.54589844
8711,9688.6328125
8712,5758.12988281
8713,7525.57568359
8714,7275.63623047
8715,4633.76611328
8716,6106.96435547
8717,5131.81054688
8718,7034.09765625
8719,10334.7705078
8720,5757.59130859
8721,2594.35522461
8722,3997.4621582
8723,7121.36376953
8724,7890.92822266
8725,4977.31298828
8726,6165.98730469
8727,4646.65527344
8728,4651.35595703
8729,3377.40234375
8730,4679.77587891
8731,5285.21630859
8732,6135.3515625
8733,6226.42333984
8734,5960.9296875
8735,6959.43457031
8736,7916.93701172
8737,7386.20947266
8738,4011.97875977
8739,9251.31738281
8740,8936.0546875
8741,4644.19140625
8742,6734.97949219
8743,4534.48779297
8744,6058.49023438
8745,3263.93725586
8746,5632.23046875
8747,3978.46411133
8748,9136.67285156
8749,7151.11572266
8750,7098.31396484
8751,7243.00390625
8752,4849.64697266
8753,7196.46679688
8754,17599.7519531
8755,8608.50683594
8756,4898.08935547
8757,2486.80419922
8758,5307.43457031
8759,7258.25976562
8760,5357.38183594
8761,11611.0429688
8762,18476.9824219
8763,3641.89648438
8764,4549.19628906
8765,8109.46875
8766,4109.31787109
8767,6509.5859375
8768,5159.82714844
8769,6664.13867188
8770,4813.23046875
8771,5556.52246094
8772,5413.09912109
8773,7262.44921875
8774,7217.87988281
8775,5782.12597656
8776,5165.34765625
8777,6445.71337891
8778,4200.30371094
8779,4696.24121094
8780,7308.21386719
8781,4894.18017578
8782,5153.91015625
8783,6319.20849609
8784,5626.54931641
8785,5264.69824219
8786,6606.11181641
8787,6209.91699219
8788,7838.44970703
8789,8478.59472656
8790,6696.18847656
8791,5082.87988281
8792,3195.46411133
8793,5258.71533203
8794,6715.47900391
8795,5639.60595703
8796,4261.05078125
8797,7222.7421875
8798,5587.03369141
8799,8880.76757812
8800,6873.75244141
8801,4644.06738281
8802,4587.05371094
8803,4237.54931641
8804,8861.67089844
8805,4557.20068359
8806,6879.81933594
8807,14918.5419922
8808,7271.328125
8809,5511.64892578
8810,4552.79931641
8811,4253.03466797
8812,6008.80712891
8813,3374.04345703
8814,5399.35693359
8815,9505.49707031
8816,4755.15576172
8817,12715.2548828
8818,12252.0224609
8819,5178.32226562
8820,5997.69238281
8821,5675.67041016
8822,6054.55029297
8823,4984.1640625
8824,10245.9589844
8825,6165.00488281
8826,7642.46826172
8827,3859.13500977
8828,7139.09375
8829,4693.83154297
8830,8013.09814453
8831,5526.38867188
8832,5279.50244141
8833,6105.93310547
8834,5927.52880859
8835,7369.92529297
8836,8899.76953125
8837,5742.11962891
8838,9030.61230469
8839,6399.00439453
8840,8848.07324219
8841,5345.50878906
8842,4613.46533203
8843,4523.97607422
8844,8131.33300781
8845,5661.28857422
8846,6631.88232422
8847,5839.14013672
8848,7970.17724609
8849,4149.56738281
8850,7020.32421875
8851,6151.75878906
8852,3703.00244141
8853,11387.78125
8854,16364.1396484
8855,6088.59667969
8856,5555.41503906
8857,8196.57714844
8858,9248.37109375
8859,10804.7099609
8860,4819.34033203
8861,6817.85253906
8862,5021.20800781
8863,7410.65380859
8864,3819.47924805
8865,4773.76171875
8866,4493.04248047
8867,5254.54833984
8868,7414.74755859
8869,4692.69433594
8870,3528.95825195
8871,6466.68164062
8872,3531.61523438
8873,3994.984375
8874,5290.23974609
8875,5267.20898438
8876,8275.20800781
8877,8099.97558594
8878,6706.14013672
8879,6392.21484375
8880,5696.39941406
8881,10834.1308594
8882,6238.03857422
8883,4293.77392578
8884,4718.29638672
8885,8572.2421875
8886,4205.9765625
8887,6715.69677734
8888,3369.69458008
8889,4494.50390625
8890,6232.99560547
8891,5764.93847656
8892,4778.91943359
8893,8547.765625
8894,9221.89355469
8895,11589.9541016
8896,5605.59375
8897,8533.29882812
8898,3002.25927734
8899,4902.87109375
8900,5790.74169922
8901,3311.7265625
8902,7168.18066406
8903,4507.32421875
8904,5229.26904297
8905,8104.34912109
8906,9816.96972656
8907,7347.99121094
8908,4866.01806641
8909,3688.17480469
8910,9745.68652344
8911,7765.89404297
8912,5146.87060547
8913,4729.58886719
8914,6170.31689453
8915,8082.81982422
8916,4026.9934082
8917,5958.56494141
8918,6932.35107422
8919,7074.73828125
8920,12434.5146484
8921,5101.43457031
8922,12166.2851562
8923,6085.02050781
8924,5114.17480469
8925,2830.36376953
8926,5312.84423828
8927,5188.16064453
8928,5133.71044922
8929,6278.22900391
8930,4593.66992188
8931,3974.76171875
8932,5688.49365234
8933,3371.8684082
8934,7193.97558594
8935,6158.64013672
8936,7167.50390625
8937,7667.35107422
8938,4312.23632812
8939,8257.82226562
8940,6300.72509766
8941,5462.00341797
8942,5456.28613281
8943,4612.49707031
8944,9715.67285156
8945,6832.72167969
8946,4215.55224609
8947,6206.89746094
8948,7355.97167969
8949,5990.63134766
8950,5225.14501953
8951,7631.02539062
8952,5542.95507812
8953,5716.77880859
8954,5218.1171875
8955,7758.80126953
8956,5057.93798828
8957,5475.03857422
8958,4554.37597656
8959,4340.72460938
8960,3752.20043945
8961,4688.50195312
8962,7353.50244141
8963,7886.39160156
8964,9840.29394531
8965,9154.40625
8966,7247.88964844
8967,6392.97070312
8968,5373.28271484
8969,11235.5683594
8970,9774.37597656
8971,5399.96972656
8972,7780.50683594
8973,7676.68066406
8974,5143.90087891
8975,3715.3972168
8976,10118.4970703
8977,5615.56933594
8978,6084.46337891
8979,5115.09667969
8980,1977.96789551
8981,9587.98339844
8982,5842.34912109
8983,4945.43505859
8984,4709.46533203
8985,4736.50537109
8986,6618.55517578
8987,6096.38378906
8988,6295.78710938
8989,5527.55419922
8990,3895.80834961
8991,3484.84667969
8992,2768.98046875
8993,6102.74853516
8994,17167.1914062
8995,3730.81445312
8996,5284.2890625
8997,5936.40087891
8998,4708.23486328
8999,4721.65527344
9000,4916.28857422
9001,3379.09423828
9002,6705.12304688
9003,6012.59619141
9004,3457.45239258
9005,7750.80566406
9006,3870.05078125
9007,4785.49707031
9008,9635.78320312
9009,6984.89746094
9010,9304.94433594
9011,4543.14648438
9012,5667.90234375
9013,4191.57373047
9014,4504.95556641
9015,13904.7207031
9016,9162.42480469
9017,5964.62060547
9018,4888.25976562
9019,4511.08300781
9020,5487.77490234
9021,4115.13525391
9022,8938.27929688
9023,4953.42333984
9024,4967.85546875
9025,6281.49365234
9026,4059.93237305
9027,5938.99462891
9028,5694.48193359
9029,6381.11572266
9030,5980.69140625
9031,3528.06298828
9032,5200.04638672
9033,5006.69238281
9034,8150.35644531
9035,7788.93408203
9036,6685.23730469
9037,3789.13696289
9038,7866.14550781
9039,5161.25
9040,4151.68554688
9041,6347.72216797
9042,6638.12255859
9043,5772.55957031
9044,5755.76269531
9045,5898.75830078
9046,5746.67285156
9047,5549.07568359
9048,6872.6640625
9049,5947.3671875
9050,4487.93212891
9051,8368.83691406
9052,5007.02685547
9053,3688.15380859
9054,10702.9257812
9055,4722.55615234
9056,2985.88696289
9057,6730.83740234
9058,8003.52783203
9059,8389.86425781
9060,4491.19140625
9061,5255.59130859
9062,5415.17578125
9063,6845.21337891
9064,5036.32714844
9065,7229.08300781
9066,2580.58447266
9067,4766.0
9068,4986.27490234
9069,4902.63769531
9070,4267.71337891
9071,7159.65332031
9072,6712.55224609
9073,5591.90673828
9074,6823.14794922
9075,5469.43261719
9076,7767.68652344
9077,4196.30273438
9078,5987.49511719
9079,5810.54931641
9080,7285.52490234
9081,7458.98095703
9082,2760.11352539
9083,8043.77392578
9084,5619.61474609
9085,7093.57617188
9086,4996.23974609
9087,3571.24267578
9088,6878.48730469
9089,2763.88696289
9090,8047.94140625
9091,5871.14111328
9092,4933.97607422
9093,6525.69384766
9094,5612.51123047
9095,4473.50292969
9096,6627.10205078
9097,4432.24267578
9098,8207.06835938
9099,9293.27148438
9100,6600.09716797
9101,4169.61669922
9102,4462.19628906
9103,3673.70483398
9104,2717.66040039
9105,7432.37109375
9106,4582.60595703
9107,8179.24023438
9108,3592.03637695
9109,4729.43066406
9110,5325.21875
9111,7782.94873047
9112,4538.68945312
9113,4560.18798828
9114,4381.75585938
9115,6775.02246094
9116,5154.96728516
9117,6245.60546875
9118,7146.19970703
9119,7581.30175781
9120,7079.03759766
9121,6801.80273438
9122,5431.13378906
9123,4229.02050781
9124,4497.69482422
9125,9810.71777344
9126,7228.15234375
9127,7865.00537109
9128,14495.2363281
9129,4420.65673828
9130,4711.83789062
9131,5313.42724609
9132,8056.49707031
9133,8587.19335938
9134,6224.67138672
9135,7561.76708984
9136,7430.01806641
9137,6966.05566406
9138,5831.83154297
9139,4342.94042969
9140,4383.76269531
9141,4195.90234375
9142,3427.15649414
9143,4170.23779297
9144,7302.75048828
9145,14181.0693359
9146,6170.28222656
9147,4472.49609375
9148,6071.51220703
9149,3574.98168945
9150,5378.20019531
9151,3592.22119141
9152,9006.60449219
9153,5843.0625
9154,5669.22167969
9155,12089.2724609
9156,11865.1992188
9157,4571.24121094
9158,6422.08691406
9159,3899.35888672
9160,4955.421875
9161,5360.99609375
9162,7511.90673828
9163,3980.92431641
9164,4117.78564453
9165,4985.0625
9166,5125.48974609
9167,5711.42089844
9168,6091.41992188
9169,4090.30395508
9170,6870.15380859
9171,7517.22509766
9172,5795.76464844
9173,3777.61328125
9174,3451.40576172
9175,7326.95410156
9176,4061.81542969
9177,9732.45019531
9178,3958.45361328
9179,4648.38427734
9180,5877.36035156
9181,5349.55908203
9182,4234.43798828
9183,4925.859375
9184,5476.46972656
9185,9213.42675781
9186,8081.82519531
9187,5224.09375
9188,4055.74438477
9189,5617.23535156
9190,5205.828125
9191,4805.45458984
9192,5458.47216797
9193,5395.97412109
9194,10530.0244141
9195,6422.16650391
9196,5400.23242188
9197,7023.12304688
9198,4031.68237305
9199,8385.60839844
9200,4733.73632812
9201,11355.2548828
9202,5499.5859375
9203,4734.01220703
9204,4963.14697266
9205,3740.45019531
9206,6689.16650391
9207,18027.7109375
9208,3629.64990234
9209,4120.68603516
9210,8082.765625
9211,5952.86669922
9212,5889.92578125
9213,7414.21728516
9214,5219.83496094
9215,4947.2421875
9216,4015.4206543
9217,8874.84082031
9218,5216.71923828
9219,6770.80419922
9220,7051.61035156
9221,4615.29199219
9222,7186.85693359
9223,5609.01660156
9224,3658.27197266
9225,7815.50878906
9226,7920.01074219
9227,4019.51708984
9228,7159.88574219
9229,5752.4921875
9230,4505.11425781
9231,8777.3671875
9232,6370.4609375
9233,6879.34667969
9234,4511.72851562
9235,4141.29882812
9236,6049.39550781
9237,3390.50854492
9238,7219.93896484
9239,3449.48974609
9240,5812.63378906
9241,4576.37207031
9242,5393.35986328
9243,5482.83544922
9244,6031.05712891
9245,5722.50195312
9246,8071.86425781
9247,5010.25634766
9248,6909.16796875
9249,5500.39404297
9250,6211.36230469
9251,8817.24804688
9252,6649.14208984
9253,2597.2512207
9254,5484.12744141
9255,6712.17480469
9256,3733.07495117
9257,11212.8300781
9258,4854.18261719
9259,5386.47607422
9260,9747.70410156
9261,5751.64697266
9262,3218.7956543
9263,10400.6269531
9264,9235.08691406
9265,5189.6953125
9266,6502.70410156
9267,8835.63378906
9268,5537.93457031
9269,4778.96044922
9270,6006.8984375
9271,5127.015625
9272,4783.81298828
9273,6305.59521484
9274,4033.21337891
9275,6387.65576172
9276,6275.67822266
9277,5633.74560547
9278,6427.20996094
9279,5570.51074219
9280,5925.55029297
9281,3904.08569336
9282,6472.96386719
9283,6050.56103516
9284,5398.27539062
9285,6036.30566406
9286,6104.99609375
9287,9202.44921875
9288,4865.91113281
9289,4479.04492188
9290,5315.45458984
9291,6445.05566406
9292,6382.94189453
9293,4289.75341797
9294,3754.95043945
9295,6456.09375
9296,6823.19970703
9297,5162.76171875
9298,6902.81835938
9299,5692.22802734
9300,5360.36181641
9301,4414.79492188
9302,2794.16235352
9303,5775.90234375
9304,5934.25488281
9305,5593.17041016
9306,8007.45996094
9307,6873.28662109
9308,4671.08349609
9309,7349.42822266
9310,3484.7734375
9311,2758.59594727
9312,6405.40429688
9313,11051.7236328
9314,6491.96435547
9315,6051.41552734
9316,3647.03833008
9317,5952.62841797
9318,6411.08837891
9319,4748.86425781
9320,7217.51513672
9321,4069.06347656
9322,4687.20507812
9323,4719.55224609
9324,4870.90771484
9325,5053.74267578
9326,4116.09716797
9327,4127.61376953
9328,3908.609375
9329,6017.39892578
9330,5521.87841797
9331,4308.00976562
9332,5800.63134766
9333,6063.01074219
9334,4672.69238281
9335,5358.55712891
9336,7731.203125
9337,6289.56298828
9338,5136.87939453
9339,3256.94824219
9340,9671.81152344
9341,5987.06152344
9342,4891.32861328
9343,6588.46044922
9344,7497.34082031
9345,6607.72509766
9346,5328.84667969
9347,7130.79101562
9348,7949.23876953
9349,10778.0224609
9350,3957.95166016
9351,4031.19799805
9352,4234.67236328
9353,5659.71191406
9354,5078.70703125
9355,6370.94726562
9356,7548.50048828
9357,5126.16992188
9358,3698.32128906
9359,5206.10107422
9360,8651.52246094
9361,4154.41943359
9362,6331.98730469
9363,3468.8137207
9364,7201.74072266
9365,6551.47607422
9366,6709.36474609
9367,7413.18457031
9368,5725.16601562
9369,3700.74951172
9370,5632.0859375
9371,6305.20996094
9372,8119.76953125
9373,6826.87841797
9374,6878.88769531
9375,5084.33935547
9376,4396.27099609
9377,9080.94140625
9378,3743.43066406
9379,9949.74023438
9380,5370.19824219
9381,3887.88964844
9382,6235.95654297
9383,5767.43017578
9384,6922.12988281
9385,7753.74853516
9386,3941.37036133
9387,3987.02368164
9388,6135.24609375
9389,6949.86914062
9390,9209.20996094
9391,5409.87304688
9392,5617.11230469
9393,4326.86767578
9394,5978.71826172
9395,4271.69677734
9396,9047.4921875
9397,7878.86572266
9398,10818.4042969
9399,4202.54394531
9400,5437.48339844
9401,9450.3359375
9402,7865.43310547
9403,3848.55493164
9404,9483.04003906
9405,5891.34716797
9406,4917.45605469
9407,4634.38525391
9408,4308.90576172
9409,5007.4375
9410,4642.62353516
9411,4167.34228516
9412,4151.55078125
9413,7308.08105469
9414,6066.30761719
9415,21088.0585938
9416,6418.21679688
9417,3371.21557617
9418,3161.19921875
9419,3328.61474609
9420,2749.80419922
9421,4417.58349609
9422,3755.96069336
9423,5269.3203125
9424,4076.90795898
9425,3278.36669922
9426,2687.58935547
9427,4595.76904297
9428,3803.87329102
9429,3432.15576172
9430,4412.66064453
9431,3977.11328125
9432,2795.25024414
9433,3196.50683594
9434,3280.69750977
9435,8313.60839844
9436,4395.14306641
9437,5316.60595703
9438,3183.4152832
9439,3721.23901367
9440,1973.16027832
9441,3939.92675781
9442,4450.72753906
9443,5949.88623047
9444,5033.30126953
9445,2247.76098633
9446,3508.82739258
9447,4278.71923828
9448,5830.38574219
9449,3575.48657227
9450,4582.89013672
9451,3755.29418945
9452,3876.36523438
9453,2095.25341797
9454,5315.07910156
9455,3334.54516602
9456,5201.15283203
9457,4349.66552734
9458,2503.83666992
9459,6595.70458984
9460,4153.91943359
9461,3344.00610352
9462,3290.76538086
9463,5497.89746094
9464,6613.17919922
9465,4864.87597656
9466,4070.85302734
9467,7122.59375
9468,6159.28027344
9469,4741.87548828
9470,3818.71411133
9471,1818.06359863
9472,2091.40771484
9473,3825.60522461
9474,3414.70019531
9475,3728.66894531
9476,5863.54101562
9477,3471.41894531
9478,6952.87890625
9479,6174.12060547
9480,2962.85205078
9481,2351.24584961
9482,9630.20605469
9483,2613.55444336
9484,3438.18188477
9485,4511.72460938
9486,3386.63916016
9487,4387.35205078
9488,2385.67138672
9489,4272.84228516
9490,3258.63916016
9491,4190.88671875
9492,6455.10253906
9493,5526.83154297
9494,4540.95898438
9495,2742.20947266
9496,5680.44238281
9497,8566.96289062
9498,3727.65527344
9499,2106.16992188
9500,5286.67333984
9501,4825.86376953
9502,4307.42626953
9503,6914.02001953
9504,1805.7668457
9505,5832.09326172
9506,2955.41088867
9507,4619.41894531
9508,3375.44067383
9509,2126.80395508
9510,3953.65356445
9511,3789.37915039
9512,5963.1015625
9513,5151.36914062
9514,3579.21630859
9515,3772.27685547
9516,5566.09716797
9517,5003.59863281
9518,3877.08984375
9519,3753.63989258
9520,3546.88598633
9521,4668.37109375
9522,3994.57250977
9523,2598.17944336
9524,4543.40234375
9525,4004.7824707
9526,6081.59130859
9527,5218.63525391
9528,4736.3515625
9529,2889.88818359
9530,4031.82861328
9531,2746.41821289
9532,2817.2980957
9533,3986.36962891
9534,5336.11474609
9535,4413.19482422
9536,6574.48046875
9537,5664.48046875
9538,3546.10107422
9539,4476.49072266
9540,5727.65136719
9541,3558.72094727
9542,2205.41479492
9543,3617.10302734
9544,3826.87524414
9545,3827.24755859
9546,2562.40185547
9547,3398.00439453
9548,5051.98828125
9549,4705.96240234
9550,5002.97851562
9551,2378.47045898
9552,4421.20898438
9553,5017.01855469
9554,2370.71655273
9555,4567.60205078
9556,3187.94335938
9557,4712.11230469
9558,2662.25390625
9559,2898.79003906
9560,3398.17944336
9561,3844.99536133
9562,4593.17431641
9563,5494.34814453
9564,10637.9345703
9565,3611.51757812
9566,3417.32666016
9567,8975.86035156
9568,4228.73828125
9569,6379.30810547
9570,4974.12841797
9571,4326.40966797
9572,5072.08447266
9573,3574.5078125
9574,3828.51098633
9575,7414.28808594
9576,2338.97802734
9577,2262.80786133
9578,2213.57177734
9579,4941.88867188
9580,5648.83886719
9581,4505.81542969
9582,4341.92138672
9583,3896.07202148
9584,1865.8482666
9585,1699.78735352
9586,3462.97143555
9587,3554.2800293
9588,5584.51318359
9589,3835.12719727
9590,3852.5402832
9591,6348.22460938
9592,3938.28833008
9593,5232.84619141
9594,3625.05126953
9595,4834.59472656
9596,7379.82958984
9597,2947.65893555
9598,5103.39550781
9599,3226.97998047
9600,5334.32373047
9601,2515.36621094
9602,4182.35644531
9603,3541.38525391
9604,5157.54882812
9605,4828.2578125
9606,4113.25195312
9607,5358.09228516
9608,3188.3449707
9609,5174.59423828
9610,17722.4414062
9611,5290.79541016
9612,2743.59399414
9613,2637.06420898
9614,4771.76757812
9615,5576.78417969
9616,3451.32666016
9617,15234.4072266
9618,25351.3261719
9619,3581.8737793
9620,2365.52246094
9621,7128.234375
9622,2653.93139648
9623,4615.38427734
9624,2679.55175781
9625,4001.31884766
9626,6557.21484375
9627,4706.09716797
9628,4214.85253906
9629,3447.28271484
9630,5013.95703125
9631,4761.13330078
9632,4123.10400391
9633,5208.38085938
9634,4236.73291016
9635,4972.57666016
9636,5306.40722656
9637,4120.77636719
9638,4832.98535156
9639,3449.09838867
9640,3162.94311523
9641,4828.65380859
9642,3813.59204102
9643,3991.62451172
9644,5130.76806641
9645,4375.52441406
9646,4914.61474609
9647,2985.52807617
9648,3137.11499023
9649,2766.08154297
9650,4394.32128906
9651,5183.2734375
9652,2268.60351562
9653,3945.77148438
9654,4277.22607422
9655,2839.20019531
9656,4260.22558594
9657,3294.28320312
9658,2633.74536133
9659,1741.68981934
9660,5888.00488281
9661,4672.63476562
9662,3755.04370117
9663,11888.0917969
9664,5485.49804688
9665,2902.72680664
9666,4398.84228516
9667,2072.06982422
9668,3402.02636719
9669,3192.26489258
9670,2910.30883789
9671,7103.62402344
9672,3682.6027832
9673,7543.95166016
9674,10206.1748047
9675,4498.08984375
9676,3799.05761719
9677,3609.91943359
9678,3621.36010742
9679,4080.60400391
9680,7488.32861328
9681,4276.59765625
9682,4895.28710938
9683,2628.74731445
9684,4187.46582031
9685,3919.32885742
9686,4475.44091797
9687,5394.0703125
9688,4358.64501953
9689,5613.78076172
9690,8059.23291016
9691,5111.73144531
9692,4701.62402344
9693,4848.19482422
9694,6759.42773438
9695,5540.98876953
9696,6280.81005859
9697,2772.73291016
9698,4498.70751953
9699,3567.21801758
9700,4678.45019531
9701,5216.01757812
9702,5805.50244141
9703,4822.44873047
9704,3918.11376953
9705,3735.42260742
9706,4736.69482422
9707,4991.99072266
9708,2545.06445312
9709,11050.1103516
9710,15546.4599609
9711,5379.93994141
9712,4634.41601562
9713,5648.36523438
9714,6389.42333984
9715,6566.18359375
9716,2215.81152344
9717,3444.5246582
9718,3987.66650391
9719,6273.15869141
9720,2099.84667969
9721,3408.05810547
9722,4170.38037109
9723,3915.25927734
9724,3729.82885742
9725,2606.43676758
9726,2419.12548828
9727,5406.78808594
9728,3116.14916992
9729,3402.05224609
9730,4404.47705078
9731,4111.92578125
9732,5324.74121094
9733,6649.45947266
9734,3409.4597168
9735,5716.18994141
9736,4982.10546875
9737,9038.1171875
9738,3368.46704102
9739,2321.23339844
9740,3373.43847656
9741,6813.06152344
9742,3252.2043457
9743,5400.95849609
9744,1815.60620117
9745,3050.63891602
9746,4073.34692383
9747,5297.31396484
9748,3687.93212891
9749,5516.10888672
9750,5504.62451172
9751,8094.23779297
9752,1743.7635498
9753,5621.88232422
9754,1672.09851074
9755,2953.54492188
9756,5424.765625
9757,4008.87988281
9758,9182.328125
9759,2247.68798828
9760,3431.58935547
9761,2842.08374023
9762,7254.86816406
9763,5622.77783203
9764,3930.3059082
9765,2072.58105469
9766,4729.67431641
9767,7491.36474609
9768,3530.54760742
9769,3370.87792969
9770,7007.40576172
9771,4612.78759766
9772,2789.05419922
9773,3633.4050293
9774,6100.14746094
9775,3350.3762207
9776,9662.09277344
9777,5497.69287109
9778,11462.4238281
9779,5389.13330078
9780,3465.83666992
9781,1898.50537109
9782,5261.34960938
9783,4599.23339844
9784,3587.19433594
9785,5225.83837891
9786,3769.39550781
9787,2277.52758789
9788,4880.74902344
9789,2373.17089844
9790,5586.91601562
9791,5951.86181641
9792,6292.25732422
9793,4641.20654297
9794,3440.13085938
9795,5057.87548828
9796,5343.88769531
9797,4779.12939453
9798,4945.32666016
9799,2452.09863281
9800,8407.83203125
9801,5779.60058594
9802,2882.41674805
9803,3806.96972656
9804,4544.84130859
9805,4059.3828125
9806,3196.0859375
9807,3008.38891602
9808,4146.22802734
9809,7458.06347656
9810,3525.36816406
9811,5554.36572266
9812,3480.35839844
9813,2372.33105469
9814,4155.98095703
9815,4039.48950195
9816,2266.53198242
9817,3945.83935547
9818,5435.05664062
9819,2497.57983398
9820,8104.48876953
9821,5996.06787109
9822,5143.54736328
9823,4983.30371094
9824,3348.18457031
9825,8437.39550781
9826,4488.13769531
9827,4758.49072266
9828,3529.67211914
9829,3183.81005859
9830,3584.56738281
9831,1927.10388184
9832,9593.1328125
9833,4850.69677734
9834,4147.30810547
9835,3751.97851562
9836,1356.03881836
9837,5865.31445312
9838,4037.32080078
9839,3170.48632812
9840,3019.83300781
9841,4150.35546875
9842,4529.875
9843,3195.03125
9844,7242.00927734
9845,3809.08740234
9846,3043.29345703
9847,2908.49511719
9848,2212.24487305
9849,3929.80737305
9850,18665.46875
9851,2976.68896484
9852,4216.10742188
9853,3864.22241211
9854,3225.85961914
9855,2755.48168945
9856,4015.29785156
9857,2153.47436523
9858,7196.43261719
9859,4495.92773438
9860,2311.89526367
9861,5358.53710938
9862,1846.74829102
9863,3126.62182617
9864,5880.02978516
9865,4213.984375
9866,7484.38720703
9867,2053.3112793
9868,3541.90576172
9869,3311.95410156
9870,3269.30322266
9871,13496.3359375
9872,6424.33544922
9873,3154.66503906
9874,2658.62329102
9875,3948.58032227
9876,3637.81665039
9877,2102.24707031
9878,5475.38867188
9879,4037.13183594
9880,4055.28393555
9881,4753.09716797
9882,3792.23242188
9883,4074.42700195
9884,4603.2890625
9885,5452.9609375
9886,5174.1796875
9887,2160.29125977
9888,4265.98779297
9889,4667.06689453
9890,6491.90234375
9891,2949.61962891
9892,5640.70361328
9893,1782.0925293
9894,6502.48730469
9895,4327.98242188
9896,2095.18164062
9897,3359.41113281
9898,2924.89233398
9899,3853.7421875
9900,4846.06347656
9901,3105.41552734
9902,4673.43701172
9903,3991.47973633
9904,5446.01708984
9905,5943.21044922
9906,3863.40795898
9907,4547.27832031
9908,4513.42480469
9909,1965.28466797
9910,8376.47167969
9911,2775.61108398
9912,2777.80981445
9913,4341.61523438
9914,5654.51025391
9915,7639.3203125
9916,3320.78393555
9917,2712.96142578
9918,4460.57519531
9919,5106.49267578
9920,3270.22045898
9921,5535.56347656
9922,2290.69995117
9923,3531.40966797
9924,3078.45874023
9925,2804.67822266
9926,2317.46166992
9927,5601.98046875
9928,3992.21850586
9929,4341.80566406
9930,4739.9765625
9931,5948.22412109
9932,4121.62158203
9933,3177.46557617
9934,4060.91650391
9935,3598.88916016
9936,5120.53027344
9937,4236.81787109
9938,1626.1472168
9939,12241.1611328
9940,4441.55371094
9941,4839.40722656
9942,5075.36083984
9943,2291.37548828
9944,7413.58789062
9945,2445.6887207
9946,5116.48779297
9947,3813.51586914
9948,3733.57348633
9949,5093.71777344
9950,3552.36132812
9951,3421.61303711
9952,5356.21679688
9953,2159.56787109
9954,5114.65771484
9955,7312.18115234
9956,4382.10693359
9957,2050.13500977
9958,3646.55834961
9959,2958.94262695
9960,1813.42822266
9961,3820.23339844
9962,4771.04882812
9963,3063.12597656
9964,3378.77197266
9965,3941.55078125
9966,3696.92456055
9967,7632.82373047
9968,3872.04858398
9969,4257.64990234
9970,3289.16162109
9971,4082.23486328
9972,4416.1640625
9973,3780.24487305
9974,5198.49365234
9975,6694.13867188
9976,5953.19628906
9977,4668.2421875
9978,3118.98364258
9979,2292.58251953
9980,3804.91113281
9981,6792.71289062
9982,4026.04858398
9983,3449.68066406
9984,15156.1503906
9985,2587.61669922
9986,3498.00927734
9987,3502.56054688
9988,4433.62109375
9989,5195.64355469
9990,6234.85058594
9991,5299.44726562
9992,5050.54785156
9993,5949.53466797
9994,4961.88330078
9995,3691.52587891
9996,1721.19970703
9997,3458.42236328
9998,2593.40722656
9999,2393.02783203
10000,3645.10107422
10001,13795.7548828
10002,4075.04125977
10003,2026.01733398
10004,3778.47119141
10005,3484.11206055
10006,3304.61328125
10007,1626.2644043
10008,3033.99707031
10009,5129.72070312
10010,2288.31787109
10011,9180.61914062
10012,11528.0527344
10013,2547.08544922
10014,3487.63354492
10015,2961.5859375
10016,3342.11499023
10017,3104.57421875
10018,5009.49169922
10019,2805.14477539
10020,3255.69335938
10021,3831.09765625
10022,4011.6340332
10023,3616.72363281
10024,5732.51025391
10025,2202.54980469
10026,6277.42041016
10027,4881.22412109
10028,3492.0246582
10029,2313.3503418
10030,2974.12866211
10031,3382.19677734
10032,3416.70751953
10033,5907.35058594
10034,3083.15527344
10035,2182.80932617
10036,4451.42822266
10037,4630.26660156
10038,3501.75512695
10039,3384.82397461
10040,4755.15576172
10041,6978.56494141
10042,3509.63085938
10043,4337.62011719
10044,2935.70678711
10045,3489.27075195
10046,4494.29833984
10047,3012.65673828
10048,4190.01123047
10049,3579.05932617
10050,8433.30859375
10051,4993.37158203
10052,2414.92651367
10053,4178.7109375
10054,3585.38134766
10055,3040.2175293
10056,4449.71289062
10057,8477.23535156
10058,5539.4609375
10059,3702.18286133
10060,3228.41503906
10061,1482.05541992
10062,3228.38427734
10063,18350.0664062
10064,1800.19689941
10065,3877.63720703
10066,3579.06274414
10067,5428.42480469
10068,3823.85375977
10069,5355.51171875
10070,4461.46875
10071,4216.13134766
10072,3041.87133789
10073,5142.16894531
10074,3268.30859375
10075,5073.37646484
10076,6610.47998047
10077,3124.48706055
10078,5254.17773438
10079,4595.06738281
10080,2891.81420898
10081,3849.57568359
10082,2324.10327148
10083,2334.84228516
10084,7045.20996094
10085,4924.84960938
10086,2119.21899414
10087,6312.29296875
10088,6395.05078125
10089,2983.1081543
10090,3901.15209961
10091,2435.34594727
10092,3388.65258789
10093,2531.61572266
10094,4571.85644531
10095,2013.2010498
10096,4473.61376953
10097,2227.07128906
10098,4091.52905273
10099,4507.36279297
10100,2840.45483398
10101,4520.24951172
10102,5734.91113281
10103,4295.72363281
10104,5870.92822266
10105,4253.80566406
10106,3820.40454102
10107,5105.64501953
10108,5391.85839844
10109,3159.58642578
10110,4048.96435547
10111,3473.29370117
10112,2990.48510742
10113,8431.16015625
10114,4210.66162109
10115,4366.37255859
10116,7773.17871094
10117,4978.59033203
10118,1561.31066895
10119,6982.02685547
10120,5559.71386719
10121,4540.36962891
10122,5027.76904297
10123,4806.30273438
10124,5944.78662109
10125,4076.13793945
10126,3522.73583984
10127,2827.86987305
10128,4055.90673828
10129,5339.77050781
10130,2056.89770508
10131,7497.93408203
10132,4886.17138672
10133,3989.30249023
10134,4957.3984375
10135,3072.41796875
10136,6017.9609375
10137,1619.69006348
10138,3592.48852539
10139,3583.65429688
10140,2055.36523438
10141,4254.67382812
10142,5504.66650391
10143,5164.69287109
10144,4577.20166016
10145,3007.05175781
10146,4479.60058594
10147,5057.55712891
10148,6569.76074219
10149,2077.45336914
10150,2077.52368164
10151,6187.81591797
10152,10235.4101562
10153,3285.81518555
10154,5492.35742188
10155,5311.29882812
10156,4558.97949219
10157,2938.0546875
10158,1271.87280273
10159,5360.32080078
10160,4158.63769531
10161,4405.50195312
10162,7628.78417969
10163,3811.27563477
10164,2561.03295898
10165,2784.30737305
10166,2125.97412109
10167,847.283081055
10168,4713.91455078
10169,8247.046875
10170,3794.50854492
10171,3611.6965332
10172,2356.47290039
10173,4108.59716797
10174,6380.49462891
10175,4765.11816406
10176,5523.86962891
10177,3217.36523438
10178,4404.18261719
10179,2522.9309082
10180,4953.84375
10181,2570.91210938
10182,2049.47412109
10183,3019.8215332
10184,2901.93041992
10185,4183.20166016
10186,3426.0222168
10187,3344.11791992
10188,4776.86865234
10189,5258.09375
10190,3651.05200195
10191,3046.43041992
10192,4715.03027344
10193,4554.21533203
10194,4623.56689453
10195,1628.62255859
10196,4171.65771484
10197,4071.29614258
10198,3323.30664062
10199,3977.10571289
10200,6108.77050781
10201,4352.33349609
10202,4604.79931641
10203,4445.58056641
10204,5569.87890625
10205,8678.99511719
10206,2669.38891602
10207,2298.54077148
10208,3070.65380859
10209,3904.26074219
10210,4274.17529297
10211,4908.20556641
10212,3808.36816406
10213,4706.17822266
10214,2372.74755859
10215,4811.41748047
10216,3363.72753906
10217,2779.17749023
10218,4557.03125
10219,2599.52685547
10220,5592.69042969
10221,4500.89208984
10222,3909.78027344
10223,4076.50732422
10224,2581.57055664
10225,3372.49267578
10226,4961.53808594
10227,3395.48339844
10228,6429.171875
10229,3729.0390625
10230,6474.66796875
10231,4222.56689453
10232,2523.52294922
10233,5118.97265625
10234,2290.40625
10235,7509.89404297
10236,4065.81591797
10237,3508.85424805
10238,4882.52832031
10239,3716.68383789
10240,3141.74511719
10241,4275.42285156
10242,2085.5612793
10243,2401.18310547
10244,4791.90087891
10245,3090.52636719
10246,5699.07861328
10247,4319.6875
10248,4177.90576172
10249,2849.5402832
10250,4662.69238281
10251,2303.06396484
10252,7807.16455078
10253,3720.73852539
10254,9977.14550781
10255,4152.9609375
10256,3834.09545898
10257,12470.3232422
10258,4567.58886719
10259,2268.77563477
10260,6585.67724609
10261,4628.25341797
10262,3977.04125977
10263,4200.33984375
10264,3804.46118164
10265,2251.22802734
10266,3440.00634766
10267,2414.7902832
10268,2253.6081543
10269,4713.24023438
10270,4110.17675781
10271,21260.5371094
10272,6058.98144531
10273,4436.51513672
10274,4050.13110352
10275,6435.61376953
10276,3444.14355469
10277,6057.56542969
10278,4882.17431641
10279,5582.51611328
10280,5696.07373047
10281,4110.53710938
10282,3283.30859375
10283,5449.25390625
10284,5291.12792969
10285,4439.76220703
10286,5520.50927734
10287,4931.24707031
10288,3333.34912109
10289,4300.94726562
10290,6985.71044922
10291,8065.20019531
10292,6332.29541016
10293,6929.53515625
10294,3422.42919922
10295,5343.05712891
10296,2241.96508789
10297,8064.83886719
10298,7566.38427734
10299,9086.69335938
10300,5943.22167969
10301,2730.81396484
10302,4282.41455078
10303,5673.85205078
10304,7516.6875
10305,4065.18359375
10306,5592.63183594
10307,4453.02490234
10308,5442.70361328
10309,2491.84375
10310,7249.21728516
10311,4220.73486328
10312,7301.68554688
10313,5837.64794922
10314,3744.01293945
10315,8275.94238281
10316,5823.32128906
10317,4601.47119141
10318,3650.01757812
10319,7247.79248047
10320,10059.7509766
10321,5914.26269531
10322,5133.83740234
10323,8419.13183594
10324,7717.88964844
10325,5467.83105469
10326,6561.26904297
10327,2185.12329102
10328,2569.53417969
10329,4484.50439453
10330,5692.00585938
10331,8081.92529297
10332,7381.17431641
10333,4075.44580078
10334,8016.22509766
10335,7978.47509766
10336,5379.34423828
10337,2706.63671875
10338,10710.4306641
10339,3178.97241211
10340,4221.3828125
10341,6963.51806641
10342,3833.29833984
10343,5219.62548828
10344,2955.94360352
10345,5663.97851562
10346,5094.48046875
10347,5981.34765625
10348,7999.078125
10349,6805.203125
10350,5318.67529297
10351,3173.36401367
10352,7853.61132812
10353,12272.1152344
10354,5102.44140625
10355,2890.84057617
10356,6398.25976562
10357,5943.32421875
10358,6357.93212891
10359,9169.32324219
10360,2063.11450195
10361,7366.3203125
10362,4543.26855469
10363,5644.93408203
10364,7242.12646484
10365,2466.953125
10366,4191.17822266
10367,4755.53662109
10368,7683.15625
10369,6857.85888672
10370,4119.47949219
10371,4463.33691406
10372,6944.76660156
10373,6098.65771484
10374,5020.21679688
10375,5685.21240234
10376,4145.24316406
10377,6206.31689453
10378,4574.52197266
10379,2966.59106445
10380,5272.21582031
10381,5893.24707031
10382,5993.06640625
10383,6911.42919922
10384,7802.49658203
10385,3840.17895508
10386,7576.24902344
10387,3186.53271484
10388,3447.61474609
10389,7699.14111328
10390,6400.39013672
10391,7144.63183594
10392,9317.83007812
10393,6616.58007812
10394,5024.16845703
10395,6887.00830078
10396,6935.77685547
10397,4181.03173828
10398,2582.81225586
10399,5104.00390625
10400,4777.87988281
10401,4595.26953125
10402,3070.9206543
10403,5505.83203125
10404,6378.71826172
10405,5904.35351562
10406,5943.76611328
10407,2724.78833008
10408,5906.03222656
10409,6910.22900391
10410,3260.37402344
10411,5798.56787109
10412,3466.00878906
10413,5517.93505859
10414,3239.86743164
10415,4173.83496094
10416,4818.38427734
10417,7043.88671875
10418,6066.59716797
10419,6576.31201172
10420,13917.4042969
10421,3873.03491211
10422,5154.81494141
10423,10046.9697266
10424,5275.10839844
10425,7993.03076172
10426,6186.30517578
10427,5626.49072266
10428,6300.19677734
10429,4372.56152344
10430,4870.09960938
10431,7846.79785156
10432,4939.03759766
10433,2658.25805664
10434,3298.52539062
10435,7096.51318359
10436,9172.52441406
10437,5677.00830078
10438,5847.44433594
10439,4447.22607422
10440,2167.70654297
10441,1894.34619141
10442,4145.93896484
10443,5358.53173828
10444,6898.00683594
10445,5042.28759766
10446,4643.19482422
10447,7630.64697266
10448,7652.69482422
10449,6986.25
10450,4682.96435547
10451,7886.77539062
10452,8811.75
10453,3573.48144531
10454,5142.76269531
10455,5168.3046875
10456,6348.18798828
10457,2967.14868164
10458,5174.66845703
10459,4337.44677734
10460,8547.18652344
10461,5892.62890625
10462,6803.12011719
10463,6749.96386719
10464,4517.28417969
10465,7665.26025391
10466,16733.2871094
10467,8246.86621094
10468,3699.54931641
10469,3393.85131836
10470,5980.42919922
10471,6911.07324219
10472,4297.97412109
10473,9084.33691406
10474,17283.4042969
10475,4858.16162109
10476,2599.72290039
10477,9807.20019531
10478,3295.12548828
10479,4968.47558594
10480,3398.34472656
10481,5883.55859375
10482,4084.67724609
10483,6068.27001953
10484,4914.14599609
10485,5015.61669922
10486,8269.65332031
10487,5924.6796875
10488,5825.80517578
10489,6989.90283203
10490,5154.69628906
10491,6519.35449219
10492,8227.42089844
10493,4941.53076172
10494,5673.26220703
10495,4175.83398438
10496,3567.79980469
10497,5976.93896484
10498,4697.72802734
10499,4872.79003906
10500,7689.49804688
10501,8297.35351562
10502,7235.58105469
10503,4165.43066406
10504,4051.79223633
10505,4088.49755859
10506,5026.69482422
10507,6612.34667969
10508,2656.46557617
10509,6506.19726562
10510,5194.10742188
10511,7381.8359375
10512,5368.65185547
10513,4154.8828125
10514,3133.70800781
10515,2446.42749023
10516,8344.23339844
10517,5696.85058594
10518,5516.25585938
10519,11841.4472656
10520,7281.87109375
10521,4186.78320312
10522,5576.19384766
10523,2380.04223633
10524,4031.40576172
10525,4068.06201172
10526,3666.76538086
10527,8365.30957031
10528,4657.07373047
10529,8263.29101562
10530,10171.9667969
10531,6051.36914062
10532,5375.70263672
10533,4675.14501953
10534,4816.45898438
10535,4706.90576172
10536,10708.5410156
10537,5783.65429688
10538,6677.48779297
10539,2974.4777832
10540,5631.49462891
10541,5418.46142578
10542,7912.48339844
10543,6515.07080078
10544,5148.20556641
10545,6663.84033203
10546,4812.07373047
10547,8106.84619141
10548,6589.69921875
10549,6530.3203125
10550,8447.17089844
10551,7075.91210938
10552,7986.78173828
10553,3511.76098633
10554,5157.76611328
10555,4699.37792969
10556,8027.28076172
10557,6697.83007812
10558,6713.60253906
10559,6036.40332031
10560,7661.26171875
10561,4591.19482422
10562,6246.19580078
10563,6118.38037109
10564,2906.87939453
10565,11900.0605469
10566,16196.8652344
10567,6842.57568359
10568,5824.57177734
10569,7078.65283203
10570,7848.72900391
10571,7726.08691406
10572,2707.22680664
10573,4392.34375
10574,5315.76416016
10575,8431.44238281
10576,2471.70874023
10577,3902.19799805
10578,4840.82861328
10579,4871.00097656
10580,4677.50878906
10581,2969.45654297
10582,2897.79614258
10583,7165.15283203
10584,3654.17749023
10585,4626.59375
10586,5408.17041016
10587,4902.21191406
10588,8854.13476562
10589,10290.2539062
10590,4758.4140625
10591,7105.74511719
10592,6141.15966797
10593,10083.7373047
10594,4669.37353516
10595,2727.56982422
10596,4829.80566406
10597,11659.8271484
10598,4059.53369141
10599,6810.02734375
10600,1949.04003906
10601,3613.08886719
10602,5597.65917969
10603,6076.92333984
10604,5128.15527344
10605,8708.34765625
10606,8540.60253906
10607,7697.62841797
10608,4000.77319336
10609,10247.6787109
10610,1855.89245605
10611,3494.03393555
10612,6393.3125
10613,4609.55029297
10614,9628.1484375
10615,2588.2277832
10616,4893.99365234
10617,5412.39697266
10618,7544.63574219
10619,8992.2265625
10620,4728.55126953
10621,2820.90454102
10622,8148.82519531
10623,10586.8007812
10624,4247.14404297
10625,4973.87695312
10626,8599.21679688
10627,5840.7109375
10628,4677.1875
10629,3492.0480957
10630,7367.40966797
10631,4345.19482422
10632,11681.5322266
10633,6815.29052734
10634,13206.1337891
10635,6447.04150391
10636,4312.42138672
10637,2026.2590332
10638,6008.61181641
10639,5768.97070312
10640,5047.03662109
10641,8669.125
10642,5452.22265625
10643,2576.16381836
10644,6407.56738281
10645,3325.74536133
10646,8364.59179688
10647,6828.18066406
10648,6674.89013672
10649,7606.15966797
10650,4406.88916016
10651,6716.26074219
10652,7144.77490234
10653,5294.31347656
10654,6349.50830078
10655,3173.56982422
10656,8593.08398438
10657,5955.37695312
10658,3344.88671875
10659,4765.42724609
10660,8027.53369141
10661,5618.80517578
10662,3768.31323242
10663,4962.08203125
10664,5334.62402344
10665,5219.32226562
10666,4621.86474609
10667,9342.87109375
10668,4210.96240234
10669,3569.56005859
10670,5598.92480469
10671,4917.98144531
10672,2879.66552734
10673,5201.02832031
10674,7727.95166016
10675,6743.72802734
10676,10205.4541016
10677,8211.3828125
10678,6889.74853516
10679,6462.53808594
10680,4270.234375
10681,10010.8320312
10682,7604.70849609
10683,5903.86376953
10684,5286.83984375
10685,5422.73242188
10686,4515.62109375
10687,2130.58764648
10688,11772.0810547
10689,6006.31396484
10690,5560.54150391
10691,4475.53027344
10692,1468.05761719
10693,8047.63427734
10694,5572.1796875
10695,4504.13916016
10696,3717.4284668
10697,5420.30712891
10698,5227.94726562
10699,4046.50854492
10700,9409.70117188
10701,4585.2421875
10702,4469.63867188
10703,3234.08056641
10704,2509.57861328
10705,4815.71044922
10706,12755.5439453
10707,3572.78955078
10708,5547.00097656
10709,4903.41845703
10710,3787.17871094
10711,3127.99438477
10712,5612.05615234
10713,2518.89282227
10714,8588.421875
10715,5701.79785156
10716,2736.07641602
10717,8038.25976562
10718,2316.3828125
10719,3950.53955078
10720,9229.90917969
10721,7062.18457031
10722,8018.01416016
10723,2297.12133789
10724,4513.20947266
10725,4820.01611328
10726,3835.09790039
10727,14938.0185547
10728,10549.7978516
10729,5075.94628906
10730,3160.60522461
10731,5553.33837891
10732,4619.171875
10733,2497.45483398
10734,7392.85595703
10735,4703.48583984
10736,5181.72167969
10737,6611.75341797
10738,4885.5234375
10739,4755.60058594
10740,5418.28613281
10741,6180.59570312
10742,6251.9296875
10743,2589.24047852
10744,5311.65869141
10745,5877.85400391
10746,7756.52197266
10747,5669.7890625
10748,7140.33349609
10749,2136.18041992
10750,8690.3671875
10751,4984.31591797
10752,2670.79394531
10753,4307.13037109
10754,4199.92285156
10755,4525.78515625
10756,6484.4140625
10757,3824.6015625
10758,5400.31982422
10759,4813.19384766
10760,7492.80810547
10761,7449.2265625
10762,4607.36523438
10763,7248.67089844
10764,5870.64306641
10765,2370.75048828
10766,10777.2001953
10767,3585.71630859
10768,3164.29199219
10769,6000.45605469
10770,9391.88574219
10771,8767.91210938
10772,3950.5546875
10773,4397.07617188
10774,6143.74316406
10775,6371.28173828
10776,4287.29101562
10777,7772.81542969
10778,2687.83837891
10779,4204.27587891
10780,3658.57202148
10781,3431.58935547
10782,2770.65063477
10783,7339.20751953
10784,6241.07421875
10785,5492.49853516
10786,4682.64257812
10787,7590.70800781
10788,7426.82958984
10789,4421.18798828
10790,5062.16601562
10791,5144.03808594
10792,6657.64599609
10793,5158.67578125
10794,1905.77429199
10795,6276.16943359
10796,5362.38183594
10797,6101.29345703
10798,5605.93017578
10799,2980.38891602
10800,9120.26953125
10801,2750.11499023
10802,8241.18945312
10803,5045.60253906
10804,4259.15283203
10805,7181.71728516
10806,3939.91186523
10807,4103.28222656
10808,8070.58691406
10809,2564.68725586
10810,6623.86621094
10811,9028.3125
10812,6491.41308594
10813,2471.62133789
10814,4684.76025391
10815,3390.29492188
10816,2086.97363281
10817,4937.96386719
10818,5940.54638672
10819,4967.86425781
10820,4101.66992188
10821,4700.359375
10822,4356.26318359
10823,8792.27246094
10824,4971.3203125
10825,5451.41650391
10826,3945.08666992
10827,5388.72705078
10828,5464.78613281
10829,5925.62939453
10830,7372.52685547
10831,7081.65820312
10832,7652.84863281
10833,5442.828125
10834,5070.88916016
10835,2838.13867188
10836,5312.42333984
10837,8371.47949219
10838,6240.27636719
10839,6245.02246094
10840,13374.578125
10841,3039.19116211
10842,4645.06884766
10843,3836.77368164
10844,7948.45751953
10845,8960.95996094
10846,7607.90771484
10847,7030.20703125
10848,7273.18017578
10849,7991.69677734
10850,6229.18505859
10851,4780.69775391
10852,2070.40991211
10853,4552.35644531
10854,2960.07763672
10855,2973.35131836
10856,6690.97216797
10857,15977.3896484
10858,5262.31835938
10859,2994.98168945
10860,4502.49853516
10861,4234.26025391
10862,5296.82421875
10863,1997.63989258
10864,6002.37353516
10865,6442.24707031
10866,3428.63793945
10867,10640.0048828
10868,11135.8710938
10869,3245.3581543
10870,5117.44433594
10871,3669.30932617
10872,3725.34472656
10873,3924.61499023
10874,8099.99853516
10875,3424.23486328
10876,4300.4140625
10877,4479.4296875
10878,5180.40722656
10879,4690.93554688
10880,6931.70947266
10881,3032.70336914
10882,7882.9921875
10883,6557.85888672
10884,4655.95458984
10885,3906.46240234
10886,3831.99682617
10887,4767.83691406
10888,4422.4453125
10889,9174.23046875
10890,4135.36962891
10891,3646.44702148
10892,5978.55859375
10893,5436.27539062
10894,5137.48193359
10895,4644.07666016
10896,5444.12109375
10897,9792.48828125
10898,6657.93847656
10899,5794.84179688
10900,3542.52734375
10901,4599.51855469
10902,5492.77099609
10903,3427.46728516
10904,4806.55029297
10905,4754.05810547
10906,10862.9775391
10907,6837.14160156
10908,4177.09326172
10909,5646.61962891
10910,4422.55029297
10911,6250.86816406
10912,5107.75390625
10913,8898.44628906
10914,6327.44726562
10915,4814.42919922
10916,4184.64648438
10917,2051.19946289
10918,3759.73901367
10919,19631.2460938
10920,2061.18530273
10921,4924.24853516
10922,5780.94580078
10923,6460.30126953
10924,5171.67773438
10925,7667.21923828
10926,5408.74853516
10927,5822.47753906
10928,3066.52636719
10929,7617.79052734
10930,3879.32446289
10931,6394.34326172
10932,9004.21679688
10933,3877.71142578
10934,7385.58984375
10935,6014.83886719
10936,3276.23120117
10937,5871.77929688
10938,6402.58837891
10939,2634.19018555
10940,8498.34082031
10941,6306.99072266
10942,4497.22705078
10943,9651.390625
10944,8302.06347656
10945,6263.34179688
10946,4451.78027344
10947,3546.09423828
10948,5111.79443359
10949,3066.81616211
10950,5759.70654297
10951,2333.02856445
10952,5486.53955078
10953,2682.69262695
10954,5302.69335938
10955,5188.1953125
10956,4434.80126953
10957,5200.44335938
10958,8361.92773438
10959,5157.61816406
10960,6777.22021484
10961,5075.68505859
10962,5713.64404297
10963,8895.22949219
10964,6700.24511719
10965,3909.66113281
10966,5025.88476562
10967,4804.20361328
10968,3672.9934082
10969,11802.2548828
10970,5394.33251953
10971,4596.23388672
10972,8700.40234375
10973,6268.05078125
10974,1820.92480469
10975,9977.14550781
10976,7832.38867188
10977,5690.24707031
10978,6801.86767578
10979,6403.33935547
10980,7544.16015625
10981,4821.45556641
10982,4096.78173828
10983,3357.48876953
10984,5429.70410156
10985,7371.50048828
10986,2608.62597656
10987,7535.11376953
10988,6334.80859375
10989,4542.44921875
10990,6734.00927734
10991,4337.20263672
10992,7077.82910156
10993,2662.80639648
10994,4591.01904297
10995,4658.81591797
10996,3644.46459961
10997,5704.15283203
10998,6742.49316406
10999,7978.4140625
11000,5624.13525391
11001,3959.27709961
11002,5864.33007812
11003,6677.82519531
11004,6533.98974609
11005,2997.56005859
11006,2591.37426758
11007,7783.27587891
11008,5867.47412109
11009,3900.22192383
11010,7019.11181641
11011,6495.51318359
11012,5669.00488281
11013,4831.43652344
11014,1395.44018555
11015,5963.91552734
11016,5615.49951172
11017,4943.92089844
11018,7979.31201172
11019,6143.99511719
11020,3289.21191406
11021,5227.47851562
11022,2877.34375
11023,976.038513184
11024,5532.03173828
11025,8910.1484375
11026,5157.59863281
11027,4233.96533203
11028,2815.92358398
11029,4786.09033203
11030,6960.09814453
11031,5533.45166016
11032,7785.92626953
11033,3827.11254883
11034,4570.02050781
11035,3140.12084961
11036,6221.05078125
11037,3007.37304688
11038,2536.97851562
11039,4177.84228516
11040,3566.40820312
11041,6216.61425781
11042,4208.16015625
11043,5016.84179688
11044,5244.94433594
11045,7238.81152344
11046,4445.91552734
11047,3815.28051758
11048,9155.96972656
11049,6255.83056641
11050,6025.421875
11051,1896.90112305
11052,4447.78613281
11053,5319.43652344
11054,4109.77685547
11055,7040.08447266
11056,8543.69042969
11057,6298.953125
11058,5814.45214844
11059,5970.42675781
11060,7433.20068359
11061,9809.77246094
11062,3054.56152344
11063,3405.59814453
11064,4909.26416016
11065,5300.05859375
11066,5430.42382812
11067,7564.55859375
11068,6743.67675781
11069,5973.87255859
11070,2699.57226562
11071,5494.72021484
11072,6920.75
11073,3219.078125
11074,5767.27587891
11075,3096.8449707
11076,6827.94580078
11077,5173.5625
11078,4983.5078125
11079,5928.44482422
11080,3900.34863281
11081,4589.29882812
11082,6444.5390625
11083,4623.42626953
11084,8061.47021484
11085,5294.57617188
11086,8357.27148438
11087,5028.00878906
11088,3460.62670898
11089,8018.22070312
11090,2659.99169922
11091,8883.02050781
11092,5487.61279297
11093,4445.36865234
11094,6399.07177734
11095,4537.59863281
11096,4241.73925781
11097,6002.80908203
11098,2838.5871582
11099,2732.67480469
11100,5655.22753906
11101,5954.64990234
11102,9478.79980469
11103,5764.24023438
11104,5036.25976562
11105,3352.38720703
11106,5923.09228516
11107,3056.84106445
11108,10065.1347656
11109,6603.08789062
11110,12433.7089844
11111,5175.921875
11112,5143.46923828
11113,7691.8671875
11114,7023.04296875
11115,2808.61816406
11116,8315.10742188
11117,6163.90527344
11118,5280.05175781
11119,5492.703125
11120,4582.80273438
11121,2971.22460938
11122,4834.80175781
11123,3381.62890625
11124,2616.1328125
11125,6639.59814453
11126,5250.21484375
11127,21810.515625
11128,7420.10302734
11129,4495.82470703
11130,7557.93115234
11131,10209.6894531
11132,6316.59277344
11133,7429.78369141
11134,5946.22167969
11135,7616.61328125
11136,7779.31201172
11137,5628.91699219
11138,5874.75390625
11139,7293.94482422
11140,7951.58935547
11141,7701.90966797
11142,8028.95800781
11143,5843.8984375
11144,5049.79101562
11145,5822.06103516
11146,10462.140625
11147,10529.6328125
11148,9642.93554688
11149,7908.921875
11150,4006.73876953
11151,6394.5078125
11152,4578.07080078
11153,8430.171875
11154,11175.1210938
11155,9370.72460938
11156,5913.3828125
11157,5052.08007812
11158,4186.03613281
11159,5863.39599609
11160,10309.2822266
11161,6917.46337891
11162,5747.77490234
11163,5397.16796875
11164,7507.46630859
11165,3945.02636719
11166,7842.80175781
11167,4734.84277344
11168,7441.30126953
11169,7099.31591797
11170,5918.94677734
11171,8155.50390625
11172,6519.40380859
11173,4903.75537109
11174,6775.07421875
11175,7800.47314453
11176,12201.2626953
11177,6391.96533203
11178,7545.44140625
11179,7584.78759766
11180,9561.09863281
11181,6808.93017578
11182,10346.5761719
11183,4485.09912109
11184,4631.89257812
11185,6097.70996094
11186,6252.47802734
11187,9654.11621094
11188,8033.9296875
11189,5566.72363281
11190,7923.63769531
11191,6793.78222656
11192,9840.86621094
11193,4176.24853516
11194,13213.8066406
11195,4675.63525391
11196,5919.87255859
11197,8678.71289062
11198,4868.35791016
11199,6235.44482422
11200,6833.67285156
11201,7723.96533203
11202,6098.19238281
11203,5963.81298828
11204,7606.56542969
11205,8224.47167969
11206,7468.87646484
11207,5062.65380859
11208,7844.36572266
11209,11561.1289062
11210,7046.6484375
11211,4569.70703125
11212,7412.1875
11213,6195.70019531
11214,6579.54345703
11215,7784.57470703
11216,4146.50878906
11217,8593.52636719
11218,6190.95654297
11219,7219.38769531
11220,7479.34912109
11221,5226.64550781
11222,5843.41357422
11223,5216.12207031
11224,8353.42285156
11225,8966.0546875
11226,4981.33105469
11227,4837.89306641
11228,6797.13964844
11229,6115.22998047
11230,5977.05322266
11231,8235.98730469
11232,6467.95263672
11233,7738.66894531
11234,5779.47949219
11235,4736.12109375
11236,6702.15673828
11237,8275.91015625
11238,7638.70117188
11239,8829.66992188
11240,8861.171875
11241,5811.57470703
11242,8927.79980469
11243,5974.5
11244,6967.3515625
11245,9151.4296875
11246,6679.56445312
11247,10240.2041016
11248,8441.7265625
11249,8008.52929688
11250,6251.88232422
11251,7720.26757812
11252,8232.3203125
11253,6388.08886719
11254,3923.73168945
11255,5362.1875
11256,7947.60888672
11257,6007.75244141
11258,4626.31152344
11259,8737.77539062
11260,6306.73193359
11261,6029.41796875
11262,6634.70410156
11263,5477.68164062
11264,7401.80273438
11265,7433.1015625
11266,6491.70410156
11267,5932.46630859
11268,5564.66894531
11269,6815.00488281
11270,3876.73486328
11271,7036.61425781
11272,5442.84912109
11273,9061.38769531
11274,7264.61083984
11275,6468.43359375
11276,12259.9833984
11277,4808.26513672
11278,5595.57714844
11279,10992.3486328
11280,7574.51513672
11281,9168.69238281
11282,7964.72070312
11283,6290.88916016
11284,6382.78369141
11285,5548.75830078
11286,7712.16455078
11287,11039.3544922
11288,6437.18554688
11289,3560.79248047
11290,5019.09130859
11291,8944.86425781
11292,9652.25683594
11293,6699.58056641
11294,7042.33447266
11295,5198.71728516
11296,4888.24121094
11297,3419.96191406
11298,5418.06396484
11299,6579.38037109
11300,7168.87158203
11301,6551.44482422
11302,6886.89013672
11303,8220.48046875
11304,9775.84960938
11305,8114.88427734
11306,5206.51806641
11307,9480.12792969
11308,10955.5283203
11309,6059.859375
11310,7490.60009766
11311,5666.55615234
11312,7169.15185547
11313,4501.29199219
11314,6993.09033203
11315,5534.48095703
11316,9008.67480469
11317,7787.92431641
11318,8563.87402344
11319,8010.62255859
11320,5932.11035156
11321,8902.53710938
11322,18495.3886719
11323,10371.3642578
11324,5833.43408203
11325,3120.24536133
11326,6520.31201172
11327,8375.87304688
11328,6137.87402344
11329,11915.6191406
11330,21596.015625
11331,4165.21630859
11332,5295.15722656
11333,8458.91015625
11334,5503.67919922
11335,7930.41992188
11336,6899.71142578
11337,7877.87402344
11338,4715.71337891
11339,6691.06152344
11340,6775.90185547
11341,7656.87109375
11342,8759.89648438
11343,6933.24365234
11344,6449.61279297
11345,7204.859375
11346,5133.53857422
11347,5269.59619141
11348,7714.00341797
11349,6286.13232422
11350,5912.50292969
11351,7604.89697266
11352,6062.96484375
11353,5848.74462891
11354,7162.71337891
11355,7125.53564453
11356,8856.79492188
11357,7804.14160156
11358,7606.65966797
11359,6178.25585938
11360,4223.31640625
11361,6236.39697266
11362,7301.72021484
11363,6384.3671875
11364,4519.44726562
11365,9000.5078125
11366,6988.88964844
11367,10071.6064453
11368,6885.03173828
11369,5827.32226562
11370,5360.54589844
11371,4923.36035156
11372,10533.3486328
11373,5757.26757812
11374,8252.3984375
11375,15026.5830078
11376,7825.97412109
11377,6321.25195312
11378,5890.17822266
11379,4726.84619141
11380,7832.93408203
11381,4307.52490234
11382,5316.32714844
11383,10414.3242188
11384,5843.05664062
11385,15279.6914062
11386,13151.3203125
11387,5571.86083984
11388,6861.41796875
11389,5951.84472656
11390,7231.45507812
11391,5840.17041016
11392,10996.7216797
11393,8027.51074219
11394,9254.73339844
11395,4552.56054688
11396,7759.08984375
11397,5770.96826172
11398,8531.65429688
11399,7339.63476562
11400,6606.09277344
11401,7132.70996094
11402,6234.35693359
11403,9120.99121094
11404,9341.5625
11405,6285.45507812
11406,10421.9453125
11407,7092.43994141
11408,9176.75097656
11409,6183.51464844
11410,5348.10009766
11411,5721.17529297
11412,10113.5761719
11413,6924.9296875
11414,8219.13964844
11415,6909.32617188
11416,9711.90234375
11417,4753.53271484
11418,8657.54785156
11419,6877.33935547
11420,4422.62207031
11421,14384.2919922
11422,17356.3496094
11423,7544.79394531
11424,7487.74316406
11425,10009.6484375
11426,10606.8125
11427,11090.2949219
11428,6218.54101562
11429,7562.4375
11430,6255.80664062
11431,9255.62402344
11432,4402.015625
11433,5927.96386719
11434,5993.80371094
11435,5739.83642578
11436,7920.91748047
11437,5220.890625
11438,4860.15039062
11439,7326.70898438
11440,4078.16796875
11441,4944.21826172
11442,6108.45019531
11443,6778.94628906
11444,10121.6533203
11445,8756.88085938
11446,6881.26318359
11447,6385.23779297
11448,6815.52490234
11449,11194.9208984
11450,7287.38769531
11451,6364.55810547
11452,4999.91113281
11453,9639.68945312
11454,4867.09033203
11455,7357.28369141
11456,3553.51391602
11457,5137.39404297
11458,7273.95703125
11459,6714.43505859
11460,5929.21972656
11461,9517.75390625
11462,10275.6699219
11463,11306.3867188
11464,6501.69335938
11465,10014.6992188
11466,3284.79663086
11467,5671.48779297
11468,7125.97753906
11469,4559.109375
11470,8545.62109375
11471,5439.75537109
11472,5246.07519531
11473,9441.28320312
11474,10118.2265625
11475,8107.30322266
11476,5586.56445312
11477,5477.42041016
11478,9206.77734375
11479,8268.80957031
11480,5746.13037109
11481,5628.34228516
11482,7114.05908203
11483,9592.83984375
11484,4775.03710938
11485,5912.328125
11486,8491.56640625
11487,9106.11035156
11488,12605.2548828
11489,5969.09375
11490,13579.0595703
11491,7053.29833984
11492,5650.0625
11493,3681.53833008
11494,6115.17138672
11495,6447.69335938
11496,5816.45996094
11497,8774.69726562
11498,5310.51367188
11499,4723.60546875
11500,7522.94873047
11501,3980.82543945
11502,7634.70898438
11503,7385.08935547
11504,7818.37939453
11505,9197.83300781
11506,5857.62158203
11507,9568.37890625
11508,6206.40576172
11509,5896.46289062
11510,5805.22021484
11511,5216.01757812
11512,9973.87207031
11513,6479.69091797
11514,4784.76708984
11515,7533.29541016
11516,9334.97949219
11517,7849.71728516
11518,6025.84716797
11519,9109.22070312
11520,5762.68994141
11521,6583.17138672
11522,5969.12207031
11523,10185.1113281
11524,5995.59912109
11525,6356.57421875
11526,6027.21533203
11527,5458.13378906
11528,4294.52734375
11529,6227.34375
11530,8312.18164062
11531,8862.3046875
11532,11206.2128906
11533,11586.7832031
11534,8851.23046875
11535,6193.63183594
11536,5171.55957031
11537,10763.3330078
11538,10349.7041016
11539,7218.60302734
11540,8602.8671875
11541,9541.52246094
11542,5829.93505859
11543,3829.01513672
11544,10550.9042969
11545,6141.21191406
11546,6578.70898438
11547,5923.17675781
11548,2898.74316406
11549,11815.6347656
11550,6285.50927734
11551,5171.54980469
11552,5556.35791016
11553,5727.3671875
11554,6784.00439453
11555,7486.09326172
11556,6832.13476562
11557,5274.66552734
11558,5283.56787109
11559,4041.45117188
11560,3383.02929688
11561,7601.43066406
11562,18384.1191406
11563,4418.31689453
11564,6228.65087891
11565,7141.47070312
11566,5978.02832031
11567,5336.2578125
11568,5160.80224609
11569,4060.14941406
11570,7631.30908203
11571,7228.81396484
11572,4254.26025391
11573,9293.93652344
11574,5424.53808594
11575,5518.6875
11576,10059.1269531
11577,7964.59912109
11578,9113.47753906
11579,5348.890625
11580,6692.88085938
11581,5427.234375
11582,5569.28369141
11583,14772.4248047
11584,9852.4921875
11585,7066.03857422
11586,5892.62890625
11587,4977.63623047
11588,6714.63330078
11589,4631.78662109
11590,9205.24023438
11591,5286.01806641
11592,5261.50976562
11593,7714.33496094
11594,5248.66796875
11595,6639.11035156
11596,6674.24707031
11597,7613.9765625
11598,7378.73193359
11599,4246.72705078
11600,5221.72216797
11601,6467.58837891
11602,8901.21289062
11603,9164.85449219
11604,7414.57080078
11605,4616.34863281
11606,8196.97558594
11607,6377.71435547
11608,5236.63085938
11609,7483.08056641
11610,7334.953125
11611,6765.28466797
11612,6524.39306641
11613,6832.38232422
11614,6536.14013672
11615,6052.11962891
11616,7280.01611328
11617,6991.40966797
11618,6055.45117188
11619,9561.12597656
11620,6537.32470703
11621,4951.98242188
11622,12555.4130859
11623,5654.76904297
11624,3558.93823242
11625,8558.86914062
11626,8932.953125
11627,9765.62695312
11628,4781.60009766
11629,6678.61572266
11630,6193.54931641
11631,7535.87597656
11632,6665.62011719
11633,9114.36523438
11634,3512.21630859
11635,5942.55322266
11636,6196.23779297
11637,5272.69335938
11638,5364.26464844
11639,7057.57177734
11640,8648.10644531
11641,5671.60107422
11642,7852.68994141
11643,7700.89648438
11644,8990.8984375
11645,5246.56054688
11646,6739.35546875
11647,6483.8515625
11648,8025.61962891
11649,9157.02539062
11650,3894.78637695
11651,8730.59375
11652,7466.53320312
11653,7762.23583984
11654,4869.546875
11655,4165.51025391
11656,8261.95117188
11657,6451.81494141
11658,9093.51757812
11659,6878.38867188
11660,5666.82080078
11661,8553.44921875
11662,6724.52294922
11663,6490.91210938
11664,7894.99414062
11665,5736.59619141
11666,9066.47949219
11667,11157.8359375
11668,7860.98535156
11669,5005.01660156
11670,5751.04345703
11671,4658.09570312
11672,3345.50244141
11673,8526.48925781
11674,6246.96435547
11675,9431.35546875
11676,4697.73730469
11677,6325.69140625
11678,6110.92089844
11679,9204.24804688
11680,5769.71875
11681,5570.56933594
11682,6024.90527344
11683,7748.56591797
11684,5342.74121094
11685,7765.10888672
11686,8369.28417969
11687,7862.62011719
11688,7902.01513672
11689,7128.10498047
11690,6307.09912109
11691,5081.01318359
11692,5598.41210938
11693,11321.7421875
11694,9013.40234375
11695,7703.98193359
11696,16227.125
11697,6232.63867188
11698,5306.1640625
11699,5968.51904297
11700,9243.79394531
11701,10334.8095703
11702,7640.48583984
11703,7951.63476562
11704,8729.88671875
11705,7474.72753906
11706,7318.82373047
11707,5958.1953125
11708,5246.55078125
11709,5223.79003906
11710,3995.51782227
11711,5450.92822266
11712,8996.78222656
11713,16909.0195312
11714,6642.96191406
11715,4770.26123047
11716,7845.12890625
11717,4692.55126953
11718,6538.84667969
11719,4694.71337891
11720,9078.47265625
11721,6887.28466797
11722,6996.45947266
11723,13753.0859375
11724,13076.9501953
11725,5759.61816406
11726,6971.25341797
11727,3934.03808594
11728,5267.98828125
11729,5501.38037109
11730,8689.1484375
11731,4692.24658203
11732,4837.33935547
11733,5594.61132812
11734,5844.28320312
11735,7703.32763672
11736,7299.43603516
11737,3516.95385742
11738,8019.83447266
11739,8667.83496094
11740,7867.11376953
11741,5272.04003906
11742,4772.89208984
11743,8228.18359375
11744,4888.94970703
11745,9980.00097656
11746,4768.41943359
11747,5596.26611328
11748,7190.59326172
11749,6328.05078125
11750,4520.39599609
11751,6485.30517578
11752,7103.23095703
11753,9469.04980469
11754,9968.49902344
11755,6421.94628906
11756,4197.15136719
11757,5622.33300781
11758,5880.59619141
11759,5061.81347656
11760,6446.01464844
11761,6259.31054688
11762,10766.6894531
11763,7667.49755859
11764,6556.55810547
11765,7664.65283203
11766,4749.89746094
11767,9416.74902344
11768,5699.47558594
11769,12527.6748047
11770,6676.58349609
11771,5830.51904297
11772,6031.40820312
11773,4648.50830078
11774,6743.74121094
11775,19396.1777344
11776,4420.03710938
11777,5396.93164062
11778,10105.2744141
11779,6588.07714844
11780,6507.97216797
11781,8374.39550781
11782,6538.21630859
11783,5578.08789062
11784,4490.88720703
11785,9508.47167969
11786,6041.15576172
11787,7669.49414062
11788,8252.34277344
11789,4370.46044922
11790,7533.78417969
11791,6965.4375
11792,4419.86376953
11793,8556.24023438
11794,9704.22558594
11795,4348.37109375
11796,8287.34863281
11797,7349.68066406
11798,5171.49560547
11799,9674.27441406
11800,7123.91162109
11801,8925.73925781
11802,5164.00292969
11803,5308.62451172
11804,6407.48193359
11805,4190.47851562
11806,7642.09667969
11807,4441.13037109
11808,6404.55517578
11809,4839.328125
11810,5973.68457031
11811,5994.09472656
11812,7029.89892578
11813,6937.98046875
11814,9603.37695312
11815,6234.24414062
11816,7490.79345703
11817,5859.90136719
11818,9524.84667969
11819,9069.20410156
11820,7073.11865234
11821,3360.00073242
11822,5914.34765625
11823,7190.16845703
11824,4046.65527344
11825,11938.4160156
11826,5808.41064453
11827,6408.67382812
11828,10922.9550781
11829,6774.20214844
11830,4350.24609375
11831,10834.1201172
11832,9924.453125
11833,5501.30175781
11834,8829.40039062
11835,9608.76367188
11836,6616.08105469
11837,5471.54589844
11838,7541.20361328
11839,5759.42041016
11840,5816.97119141
11841,7827.4375
11842,4772.94677734
11843,7254.91650391
11844,7600.46630859
11845,6545.95410156
11846,8231.10253906
11847,6225.93017578
11848,6820.41503906
11849,4455.17871094
11850,7719.56054688
11851,7606.18847656
11852,6566.50927734
11853,6423.88183594
11854,7422.10644531
11855,9588.39453125
11856,6373.08105469
11857,5033.75732422
11858,6555.48876953
11859,7177.4375
11860,7046.14404297
11861,4629.31298828
11862,4209.81787109
11863,7196.07568359
11864,7590.96826172
11865,6036.36328125
11866,8406.88671875
11867,6546.20361328
11868,6583.91894531
11869,6058.91210938
11870,3108.48901367
11871,7051.93310547
11872,7311.83935547
11873,7233.30371094
11874,8848.74902344
11875,8126.35595703
11876,5002.16699219
11877,8046.49853516
11878,3873.81469727
11879,2649.32714844
11880,7451.13769531
11881,11065.7929688
11882,7848.05517578
11883,7428.02001953
11884,4384.12646484
11885,6971.18701172
11886,8185.73388672
11887,6020.36669922
11888,7713.98925781
11889,5379.00048828
11890,5315.08984375
11891,5253.98242188
11892,6052.86962891
11893,5658.20605469
11894,5453.93945312
11895,5344.44824219
11896,4453.76416016
11897,6892.015625
11898,7750.45800781
11899,5813.40429688
11900,6337.890625
11901,7689.87939453
11902,5823.69384766
11903,5547.06982422
11904,9529.05273438
11905,7393.18066406
11906,6138.9921875
11907,4053.23413086
11908,11634.0996094
11909,7386.27294922
11910,6082.08398438
11911,8229.63476562
11912,7907.07421875
11913,7734.30810547
11914,6362.21533203
11915,7356.23046875
11916,10737.7197266
11917,12562.1806641
11918,5344.17333984
11919,4658.78466797
11920,5543.72167969
11921,6603.55419922
11922,6366.68896484
11923,7695.79296875
11924,9256.18945312
11925,6079.56738281
11926,4614.48632812
11927,5624.59082031
11928,8643.63769531
11929,5509.91943359
11930,7414.97363281
11931,4251.16894531
11932,7894.09033203
11933,7359.859375
11934,7917.69238281
11935,8538.74609375
11936,6761.61376953
11937,4520.75
11938,6694.36181641
11939,8040.74414062
11940,9085.41992188
11941,7955.64013672
11942,8276.54199219
11943,6428.35009766
11944,4668.71826172
11945,10265.4726562
11946,4679.98974609
11947,10070.8671875
11948,6499.93847656
11949,4299.83984375
11950,6883.73779297
11951,6054.69433594
11952,8072.33398438
11953,8161.02929688
11954,4242.734375
11955,4965.61376953
11956,7665.10644531
11957,8603.90136719
11958,9568.86230469
11959,5725.12207031
11960,5760.07958984
11961,6191.83056641
11962,6738.54589844
11963,5712.77197266
11964,10834.5644531
11965,9196.87695312
11966,10889.7929688
11967,4591.80810547
11968,6721.61816406
11969,9736.40625
11970,8261.49414062
11971,5749.26074219
11972,10781.1992188
11973,6593.50244141
11974,5980.87988281
11975,5468.27929688
11976,5671.49316406
11977,5395.22265625
11978,6155.58007812
11979,4802.81054688
11980,5081.98779297
11981,8635.33203125
11982,6815.43408203
11983,22113.4863281
11984,7415.72363281
11985,4726.48144531
11986,7863.52001953
11987,10077.7480469
11988,7820.68359375
11989,7728.29785156
11990,6115.07226562
11991,8074.15966797
11992,8128.01416016
11993,5345.00439453
11994,5881.97607422
11995,7297.59130859
11996,8113.41455078
11997,7841.65771484
11998,8906.01855469
11999,5599.71533203
12000,4950.72607422
12001,5705.11621094
12002,10513.0751953
12003,11747.9658203
12004,10146.7060547
12005,8261.95117188
12006,4941.20556641
12007,6410.49560547
12008,4558.68359375
12009,8538.64746094
12010,11685.7333984
12011,9551.70117188
12012,6094.98242188
12013,5529.68945312
12014,4500.68652344
12015,5778.44873047
12016,10734.2070312
12017,6952.33544922
12018,5723.63183594
12019,5321.41552734
12020,7964.59912109
12021,3733.13574219
12022,7881.93212891
12023,4611.96484375
12024,7251.59619141
12025,7141.86572266
12026,6091.15820312
12027,8021.70898438
12028,6604.56787109
12029,5271.88427734
12030,7201.96044922
12031,8052.12548828
12032,12630.7802734
12033,6268.66699219
12034,8258.01953125
12035,7889.76220703
12036,9858.95996094
12037,7081.13134766
12038,10225.6914062
12039,4599.90039062
12040,5231.76318359
12041,6636.12841797
12042,6315.25585938
12043,9545.79980469
12044,8133.77636719
12045,5719.38574219
12046,7950.47460938
12047,6497.39746094
12048,10733.2958984
12049,4181.35498047
12050,14320.2441406
12051,5126.22851562
12052,5994.25488281
12053,9009.25976562
12054,5146.33007812
12055,6486.44970703
12056,6536.04638672
12057,8185.70996094
12058,6113.02539062
12059,5563.28369141
12060,7646.85107422
12061,8154.56298828
12062,7976.73242188
12063,4821.76855469
12064,7752.38037109
12065,11666.2666016
12066,7114.37158203
12067,5083.20947266
12068,7508.10351562
12069,6299.75195312
12070,6245.21826172
12071,7550.85546875
12072,4156.97998047
12073,8589.03613281
12074,6507.68701172
12075,7394.71777344
12076,8036.78027344
12077,4508.57958984
12078,5870.93945312
12079,5198.97021484
12080,8711.53710938
12081,8895.390625
12082,5228.34130859
12083,5172.53125
12084,7329.31640625
12085,6097.296875
12086,6001.62402344
12087,7756.46289062
12088,6452.12304688
12089,8205.43945312
12090,5805.28662109
12091,4730.31933594
12092,6856.39355469
12093,8544.05761719
12094,8249.88769531
12095,8793.85839844
12096,8918.50683594
12097,5718.22363281
12098,9350.80664062
12099,6331.47412109
12100,7545.36962891
12101,9694.87304688
12102,6643.94384766
12103,10724.3730469
12104,8536.1640625
12105,7919.84521484
12106,6472.93310547
12107,7657.60888672
12108,8122.79882812
12109,6401.34277344
12110,3787.96972656
12111,5742.59619141
12112,8175.64453125
12113,6066.57421875
12114,4668.38037109
12115,9064.81054688
12116,6441.18408203
12117,5696.39941406
12118,6705.63476562
12119,5853.046875
12120,8047.42724609
12121,7969.01416016
12122,6802.55517578
12123,5674.23095703
12124,5693.7109375
12125,7036.82910156
12126,3933.64038086
12127,6693.25097656
12128,5780.52099609
12129,9194.46484375
12130,7511.21923828
12131,6547.24658203
12132,12104.9755859
12133,5351.46289062
12134,5577.38037109
12135,11441.5625
12136,7305.13330078
12137,9134.44140625
12138,8003.16894531
12139,6223.42480469
12140,6625.09228516
12141,5420.29150391
12142,8619.3515625
12143,12414.1455078
12144,7011.87158203
12145,3592.32080078
12146,5095.15576172
12147,8897.64746094
12148,9029.89746094
12149,6462.18066406
12150,7294.39013672
12151,5389.22021484
12152,5261.70556641
12153,3424.24487305
12154,5669.29150391
12155,6702.68701172
12156,7583.78955078
12157,6942.83935547
12158,6911.54101562
12159,8298.82519531
12160,9990.75292969
12161,8380.73144531
12162,5079.70996094
12163,9837.47753906
12164,11139.5791016
12165,6280.546875
12166,7849.73193359
12167,5961.77636719
12168,7098.09716797
12169,4292.99560547
12170,7625.40869141
12171,5443.53955078
12172,9461.90820312
12173,7899.50585938
12174,9030.01757812
12175,8308.06835938
12176,6086.546875
12177,8914.39941406
12178,20198.09375
12179,11066.5527344
12180,6306.68994141
12181,3210.0378418
12182,6668.04931641
12183,9120.10449219
12184,5948.02539062
12185,12179.8339844
12186,20974.9101562
12187,4099.75292969
12188,5681.4609375
12189,10269.9570312
12190,5499.07226562
12191,8579.16992188
12192,7147.84912109
12193,8330.16601562
12194,4820.01171875
12195,6357.84130859
12196,6537.13769531
12197,8283.83203125
12198,8776.42089844
12199,6593.04394531
12200,6377.34960938
12201,7285.83056641
12202,5026.94921875
12203,5105.73242188
12204,7683.46435547
12205,6173.73779297
12206,5875.59472656
12207,7782.16943359
12208,6403.05273438
12209,6208.73828125
12210,7675.04101562
12211,7423.04785156
12212,8539.17675781
12213,8070.10888672
12214,7441.96875
12215,6126.31103516
12216,3814.77832031
12217,6545.08007812
12218,7545.63574219
12219,6294.38232422
12220,4555.46679688
12221,9413.69628906
12222,7796.96972656
12223,10118.5644531
12224,7289.67431641
12225,5899.33789062
12226,5762.90429688
12227,5021.02539062
12228,10794.3798828
12229,5209.99072266
12230,7868.33691406
12231,16750.1171875
12232,8005.70361328
12233,8696.00488281
12234,5691.12109375
12235,4839.51757812
12236,7454.74951172
12237,4233.56152344
12238,6022.47998047
12239,11709.2851562
12240,5865.49902344
12241,16576.1640625
12242,14319.7519531
12243,5327.59619141
12244,7072.71386719
12245,5947.29345703
12246,7477.08056641
12247,6039.01269531
12248,11539.6914062
12249,8006.81835938
12250,10096.3544922
12251,4441.43505859
12252,7979.12207031
12253,5290.27001953
12254,8490.31152344
12255,7242.671875
12256,6783.3125
12257,7022.03125
12258,6262.91748047
12259,8863.91015625
12260,10541.0673828
12261,5958.83740234
12262,10945.7841797
12263,7353.109375
12264,10168.2519531
12265,5889.96533203
12266,5671.42822266
12267,5905.04638672
12268,10458.6699219
12269,7009.65136719
12270,8372.95703125
12271,7208.42675781
12272,9619.13476562
12273,4525.72021484
12274,9164.10253906
12275,7463.06542969
12276,4592.04394531
12277,14735.0097656
12278,18937.6660156
12279,7556.84277344
12280,7318.27197266
12281,10476.6201172
12282,11287.7900391
12283,12171.890625
12284,6296.43603516
12285,7997.97216797
12286,6399.60302734
12287,8931.70117188
12288,4306.5390625
12289,6152.76855469
12290,5863.89355469
12291,5849.87695312
12292,7941.81152344
12293,5437.87255859
12294,5108.21728516
12295,7266.01757812
12296,3785.83837891
12297,4993.28564453
12298,6707.71386719
12299,6953.08496094
12300,10251.7363281
12301,8518.66113281
12302,7500.95996094
12303,6530.05224609
12304,6915.84033203
12305,12744.1142578
12306,7811.99121094
12307,5948.48486328
12308,4952.95068359
12309,9305.90234375
12310,4829.00390625
12311,7412.76025391
12312,3660.59008789
12313,5512.31103516
12314,7611.53710938
12315,6638.89501953
12316,5452.53515625
12317,9259.00585938
12318,10853.2636719
12319,12627.515625
12320,6886.11523438
12321,9870.09960938
12322,3475.78979492
12323,5565.66699219
12324,6987.08984375
12325,4532.20849609
12326,8272.58007812
12327,5686.28027344
12328,5309.32324219
12329,9285.69628906
12330,11207.8056641
12331,10174.0341797
12332,5544.01269531
12333,5651.28027344
12334,10102.4501953
12335,7934.24804688
12336,6551.79443359
12337,5276.45166016
12338,7045.57275391
12339,11060.9501953
12340,4522.82861328
12341,6525.15234375
12342,8431.30566406
12343,8795.73730469
12344,14599.8642578
12345,6139.8828125
12346,14363.4404297
12347,7056.58251953
12348,5881.18505859
12349,4175.92578125
12350,6329.78955078
12351,6345.09521484
12352,6136.68017578
12353,7845.59277344
12354,5070.29443359
12355,5219.41699219
12356,7605.25976562
12357,3891.94165039
12358,7664.66015625
12359,7141.98828125
12360,8256.92480469
12361,9235.17578125
12362,5892.39257812
12363,9471.25292969
12364,6338.04785156
12365,5981.10791016
12366,5520.87255859
12367,5458.75341797
12368,10663.8691406
12369,7104.85009766
12370,5121.14599609
12371,7754.02929688
12372,9104.15625
12373,8029.24121094
12374,6120.06152344
12375,9289.859375
12376,5817.89746094
12377,6172.37158203
12378,6165.28173828
12379,9577.80175781
12380,6920.47265625
12381,6872.21142578
12382,5568.97558594
12383,5347.30908203
12384,4295.22363281
12385,5605.65771484
12386,8397.61425781
12387,9574.48535156
12388,11192.0283203
12389,12099.0429688
12390,8845.6015625
12391,6542.40234375
12392,5429.58496094
12393,11411.2011719
12394,10664.0527344
12395,6865.87646484
12396,9415.48339844
12397,9277.53417969
12398,5986.20507812
12399,4263.96582031
12400,10730.4306641
12401,6593.67919922
12402,7092.70361328
12403,6019.80957031
12404,3352.43847656
12405,13093.2363281
12406,6015.81445312
12407,5031.29980469
12408,5187.81445312
12409,5913.69873047
12410,7295.1484375
12411,8123.03076172
12412,6835.75244141
12413,5561.73486328
12414,5308.85742188
12415,4309.43164062
12416,3560.9453125
12417,7643.27783203
12418,18576.4082031
12419,4818.33886719
12420,6241.48486328
12421,7445.91601562
12422,5903.03564453
12423,5834.55224609
12424,5112.62402344
12425,4332.71191406
12426,7246.16845703
12427,7495.33837891
12428,4179.43701172
12429,9206.96972656
12430,5401.04589844
12431,5281.85498047
12432,10482.046875
12433,8296.83105469
12434,10025.3935547
12435,5792.09472656
12436,7446.72607422
12437,5509.67773438
12438,5674.78857422
12439,16175.3320312
12440,10435.1445312
12441,7133.13818359
12442,6448.265625
12443,5014.25341797
12444,6075.26025391
12445,5815.00146484
12446,12166.1806641
12447,5516.90869141
12448,5443.36328125
12449,7892.63720703
12450,4938.19482422
12451,6763.42041016
12452,7351.10351562
12453,7538.55712891
12454,7075.33886719
12455,4397.5078125
12456,5189.87304688
12457,6190.39550781
12458,9554.42578125
12459,9079.48535156
12460,7370.44580078
12461,4790.49365234
12462,8163.21630859
12463,6686.77392578
12464,5247.28613281
12465,7488.21435547
12466,7728.29785156
12467,7049.51855469
12468,6837.61083984
12469,7273.87402344
12470,6320.81835938
12471,6039.39257812
12472,7633.90136719
12473,6530.27636719
12474,6129.99902344
12475,9706.37402344
12476,6270.69433594
12477,4977.20361328
12478,12959.1484375
12479,6622.11035156
12480,3678.72998047
12481,8436.74316406
12482,8846.99316406
12483,11130.7529297
12484,5064.84228516
12485,6772.92285156
12486,6116.42578125
12487,7708.61230469
12488,6706.02490234
12489,9573.15234375
12490,3477.49414062
12491,6432.90771484
12492,6606.57177734
12493,5634.21337891
12494,5414.70019531
12495,7405.87011719
12496,8916.95800781
12497,5645.85498047
12498,8316.16308594
12499,7495.62451172
12500,9255.5625
12501,5162.94873047
12502,6875.89648438
12503,6828.38232422
12504,8475.12597656
12505,8717.22363281
12506,5235.70703125
12507,8645.41796875
12508,7614.5
12509,8092.50830078
12510,4856.24365234
12511,4307.11816406
12512,8347.08984375
12513,6546.25390625
12514,9394.47558594
12515,6769.85498047
12516,6106.1953125
12517,8485.68945312
12518,7391.26269531
12519,6719.11181641
12520,7977.21923828
12521,6345.796875
12522,9549.99804688
12523,11354.0751953
12524,7780.91503906
12525,5109.75195312
12526,5766.96240234
12527,4388.00488281
12528,3514.26416016
12529,8991.91796875
12530,5961.57177734
12531,9413.87597656
12532,4401.78027344
12533,6231.34277344
12534,6153.68994141
12535,9853.21582031
12536,5324.86816406
12537,5184.15869141
12538,6291.50732422
12539,8031.39355469
12540,5371.16113281
12541,7975.50048828
12542,7833.49462891
12543,8471.50488281
12544,8145.86474609
12545,7461.34326172
12546,6393.62988281
12547,5099.06494141
12548,5339.61816406
12549,11360.4013672
12550,9523.13769531
12551,8353.10351562
12552,15661.3486328
12553,6829.70507812
12554,5642.24804688
12555,6638.93261719
12556,9078.95800781
12557,10072.7021484
12558,7527.66455078
12559,8641.39550781
12560,8854.24414062
12561,7535.55957031
12562,7200.42871094
12563,5784.13916016
12564,5119.30419922
12565,4905.5
12566,4321.93017578
12567,5852.61181641
12568,9169.93457031
12569,17146.3925781
12570,6997.17382812
12571,5009.27685547
12572,8005.45898438
12573,4396.03173828
12574,6657.32861328
12575,4557.48339844
12576,9558.79199219
12577,7020.83300781
12578,6746.70019531
12579,14821.2822266
12580,12123.8095703
12581,6018.89111328
12582,7081.63134766
12583,4224.10205078
12584,5383.27099609
12585,5860.66699219
12586,8801.015625
12587,4868.05126953
12588,4437.06542969
12589,5862.53466797
12590,5962.25976562
12591,7454.83447266
12592,7863.6328125
12593,3415.25073242
12594,7803.91845703
12595,9055.71972656
12596,8093.38037109
12597,5436.80908203
12598,4987.72119141
12599,9030.74902344
12600,5066.65380859
12601,10286.8691406
12602,5185.96875
12603,5857.86132812
12604,7400.31982422
12605,6169.73486328
12606,4485.89501953
12607,6427.33886719
12608,7384.49072266
12609,9527.19921875
12610,10479.6279297
12611,6423.18945312
12612,4420.44580078
12613,5885.26513672
12614,6207.12207031
12615,5198.01806641
12616,6643.45556641
12617,6659.13818359
12618,11213.171875
12619,7847.11962891
12620,6790.45898438
12621,8279.54296875
12622,4885.36523438
12623,9707.77148438
12624,6015.06835938
12625,14664.546875
12626,6677.19482422
12627,5681.78613281
12628,5782.99755859
12629,4444.60546875
12630,7247.68945312
12631,18478.2695312
12632,4522.74707031
12633,4797.45361328
12634,10050.1708984
12635,6742.96289062
12636,6106.90625
12637,8481.38378906
12638,6597.25830078
12639,5107.57910156
12640,4922.04541016
12641,9951.60058594
12642,6199.91503906
12643,8102.90429688
12644,8327.52148438
12645,4555.42285156
12646,7528.49023438
12647,6864.39648438
12648,4345.78759766
12649,9069.1953125
12650,9307.6953125
12651,4542.29736328
12652,8456.43261719
12653,7299.87451172
12654,5149.48242188
12655,9902.05371094
12656,7031.13916016
12657,8986.49121094
12658,5172.12695312
12659,5411.19433594
12660,6964.24853516
12661,4298.53564453
12662,7863.05566406
12663,4731.24023438
12664,6277.73779297
12665,5041.046875
12666,6198.49023438
12667,6335.23779297
12668,7400.171875
12669,7132.85253906
12670,8938.65527344
12671,6250.80859375
12672,7756.99560547
12673,6421.33984375
12674,8858.20605469
12675,9165.88574219
12676,7415.73095703
12677,3325.12670898
12678,5955.50195312
12679,7708.21582031
12680,3935.95605469
12681,11566.8974609
12682,5707.69628906
12683,6878.14648438
12684,11267.546875
12685,7038.86962891
12686,4362.3046875
12687,10895.7148438
12688,10504.6962891
12689,5839.85888672
12690,9310.67871094
12691,10587.9306641
12692,6009.36279297
12693,5360.15234375
12694,7436.68945312
12695,5995.40478516
12696,5951.18652344
12697,7556.22265625
12698,5097.83496094
12699,6646.17480469
12700,7600.16210938
12701,6993.33691406
12702,8653.02441406
12703,6668.36132812
12704,7135.62207031
12705,4970.87011719
12706,7611.63134766
12707,7395.19042969
12708,6826.81982422
12709,6652.65625
12710,7486.421875
12711,10004.5703125
12712,6143.09814453
12713,5194.15234375
12714,6574.19873047
12715,7482.92382812
12716,7358.44824219
12717,4743.68505859
12718,4347.22216797
12719,7207.11376953
12720,7304.35986328
12721,6025.76123047
12722,8732.17578125
12723,6487.13671875
12724,7012.16601562
12725,5830.59179688
12726,3724.10839844
12727,6957.23730469
12728,7104.62011719
12729,7198.05273438
12730,9419.36328125
12731,9150.70507812
12732,5017.62158203
12733,9111.17480469
12734,4164.13183594
12735,3178.50854492
12736,7873.86230469
12737,11845.2998047
12738,8375.08984375
12739,7699.61083984
12740,4683.51806641
12741,7049.26318359
12742,8944.48046875
12743,6287.18212891
12744,8279.44726562
12745,5661.45605469
12746,5072.99414062
12747,5308.21923828
12748,6111.87109375
12749,5593.0
12750,5406.1953125
12751,5305.22314453
12752,4426.55615234
12753,6786.42480469
12754,7269.78173828
12755,5507.44482422
12756,6531.87744141
12757,7790.52441406
12758,6068.52441406
12759,5667.54541016
12760,9371.69921875
12761,7712.6796875
12762,5864.15087891
12763,4194.82177734
12764,11471.3925781
12765,6982.33984375
12766,6229.43505859
12767,8279.17871094
12768,7960.75634766
12769,8304.97851562
12770,6456.99853516
12771,7606.97167969
12772,9707.89160156
12773,13174.8339844
12774,5283.29638672
12775,5101.57519531
12776,5649.14111328
12777,7440.35058594
12778,6184.14550781
12779,7543.78613281
12780,9768.75683594
12781,6174.69775391
12782,4858.13818359
12783,5703.94091797
12784,9497.42285156
12785,5335.51464844
12786,7775.85546875
12787,4059.5222168
12788,7452.34667969
12789,7779.17138672
12790,7997.77392578
12791,9350.19042969
12792,6821.52783203
12793,4283.28515625
12794,6918.46630859
12795,7689.57128906
12796,9511.48339844
12797,8241.92773438
12798,8281.95898438
12799,7001.75341797
12800,4761.08349609
12801,10507.3212891
12802,4483.40576172
12803,10504.8662109
12804,6146.2578125
12805,4328.27978516
12806,7302.05419922
12807,6397.56445312
12808,8354.76953125
12809,8416.45800781
12810,4478.84033203
12811,5023.10449219
12812,8334.33789062
12813,8689.56347656
12814,9672.94628906
12815,5387.07714844
12816,6150.18066406
12817,6718.34277344
12818,6941.80615234
12819,6166.98144531
12820,10559.0888672
12821,9269.8828125
12822,10871.8710938
12823,4358.46582031
12824,6569.52880859
12825,9638.81542969
12826,8932.953125
12827,5644.88037109
12828,11103.609375
12829,6896.52050781
12830,5974.48828125
12831,5463.43652344
12832,5663.54638672
12833,5466.74121094
12834,6168.96386719
12835,4642.25146484
12836,5094.92285156
12837,9127.48339844
12838,7443.25341797
12839,23013.0097656
12840,7138.48144531
12841,4952.59179688
12842,8441.83886719
12843,10672.2021484
12844,7308.78515625
12845,8434.04785156
12846,6038.25195312
12847,9068.58886719
12848,8360.36425781
12849,5362.32568359
12850,5907.81787109
12851,7398.32958984
12852,8379.90820312
12853,7843.65527344
12854,8913.49804688
12855,5679.28271484
12856,4826.47119141
12857,6159.83203125
12858,10882.7226562
12859,12699.5595703
12860,10785.9921875
12861,8994.07128906
12862,4615.04541016
12863,6666.78369141
12864,4879.36181641
12865,9154.17089844
12866,11842.1699219
12867,9965.67578125
12868,6792.73242188
12869,6145.90576172
12870,4345.97412109
12871,5584.81152344
12872,11652.6455078
12873,7041.58886719
12874,5463.92089844
12875,5493.80810547
12876,8617.92871094
12877,3907.47631836
12878,8130.70458984
12879,4795.96630859
12880,7047.42138672
12881,7151.94775391
12882,6537.88623047
12883,7738.73535156
12884,6625.22509766
12885,5673.02392578
12886,7896.41699219
12887,8279.43945312
12888,12196.4101562
12889,6236.52783203
12890,8713.75683594
12891,8603.97558594
12892,9956.5078125
12893,7635.75830078
12894,10379.3203125
12895,4759.22167969
12896,5453.09130859
12897,7376.17724609
12898,6958.73095703
12899,9904.00976562
12900,8249.12402344
12901,6070.47509766
12902,7938.20703125
12903,6857.99560547
12904,10299.7392578
12905,4585.42626953
12906,16384.0351562
12907,5221.52294922
12908,6198.37744141
12909,10046.7871094
12910,5327.04248047
12911,6961.23388672
12912,6587.08447266
12913,8795.37695312
12914,6080.95898438
12915,5661.09423828
12916,7951.4453125
12917,8631.74121094
12918,8828.12890625
12919,4693.15087891
12920,8062.31591797
12921,12105.21875
12922,7910.71728516
12923,5656.45263672
12924,7351.61523438
12925,6435.77978516
12926,6598.73730469
12927,7672.47900391
12928,4567.81982422
12929,9410.49121094
12930,7384.84326172
12931,7685.171875
12932,9161.74316406
12933,5147.74414062
12934,6548.05224609
12935,5470.7578125
12936,8818.76171875
12937,8770.32128906
12938,5323.171875
12939,5259.49267578
12940,7261.97119141
12941,6223.73925781
12942,5916.48583984
12943,7978.32275391
12944,6666.88574219
12945,8456.92578125
12946,5873.05126953
12947,5022.14208984
12948,7316.42285156
12949,8269.8671875
12950,8601.16894531
12951,9020.43652344
12952,9900.19335938
12953,6031.48242188
12954,10048.3115234
12955,7279.32226562
12956,8121.35791016
12957,10040.6367188
12958,6751.70849609
12959,11564.1835938
12960,9111.01953125
12961,8329.53808594
12962,6601.80273438
12963,8383.2734375
12964,8163.20898438
12965,6666.44677734
12966,4039.64770508
12967,5879.16015625
12968,8795.94726562
12969,6654.12890625
12970,4529.94433594
12971,9788.26757812
12972,6745.61279297
12973,5916.75097656
12974,7051.63037109
12975,6377.04541016
12976,8981.55566406
12977,8725.04199219
12978,6985.82421875
12979,5331.40380859
12980,5758.60742188
12981,7710.42138672
12982,3978.90063477
12983,6972.72314453
12984,6027.47998047
12985,9862.18554688
12986,7876.79931641
12987,6895.11914062
12988,12215.1523438
12989,6517.93017578
12990,5446.52587891
12991,12525.1181641
12992,8468.46777344
12993,8743.81054688
12994,8819.40136719
12995,5669.54541016
12996,6827.28808594
12997,5507.40771484
12998,8430.63085938
12999,13860.0214844
13000,7033.79541016
13001,3466.48828125
13002,6326.95849609
13003,9661.96386719
13004,9672.86230469
13005,6688.828125
13006,7842.86914062
13007,5680.89208984
13008,5248.31738281
13009,3764.96459961
13010,5713.18652344
13011,6979.74267578
13012,7610.57861328
13013,7298.06494141
13014,7445.05712891
13015,8792.12304688
13016,9806.82519531
13017,9368.16015625
13018,5113.62841797
13019,10353.0419922
13020,13148.5361328
13021,6137.77441406
13022,8464.32421875
13023,6159.83837891
13024,7860.81347656
13025,4250.8125
13026,7988.41210938
13027,5918.00390625
13028,9944.36132812
13029,8796.09863281
13030,9240.48828125
13031,8871.26855469
13032,6169.06933594
13033,9475.27441406
13034,21080.859375
13035,11924.2021484
13036,6910.19628906
13037,3499.71142578
13038,7089.4296875
13039,9225.00683594
13040,5911.79199219
13041,12333.4707031
13042,21706.7773438
13043,4169.05615234
13044,5907.02929688
13045,9618.19921875
13046,6285.52148438
13047,10019.9160156
13048,7057.71337891
13049,9057.421875
13050,4923.54833984
13051,6901.78466797
13052,6749.32617188
13053,8934.3671875
13054,8885.74121094
13055,6327.90625
13056,6565.44433594
13057,7643.72998047
13058,5441.25537109
13059,5565.90625
13060,7947.0703125
13061,5739.29443359
13062,6305.57714844
13063,8674.98828125
13064,6861.80419922
13065,6613.03369141
13066,7950.34570312
13067,7926.33642578
13068,8638.80761719
13069,8572.84765625
13070,7611.27539062
13071,6506.80517578
13072,3692.046875
13073,7229.0
13074,8158.35986328
13075,6401.03125
13076,4789.94970703
13077,9863.2578125
13078,8159.97753906
13079,10271.8974609
13080,7742.16113281
13081,6148.94921875
13082,5758.08007812
13083,5404.68457031
13084,11456.0966797
13085,5394.30175781
13086,7959.26806641
13087,17753.265625
13088,8080.53027344
13089,7216.92333984
13090,5430.65722656
13091,5301.38818359
13092,7330.47705078
13093,4246.44335938
13094,6314.15917969
13095,12317.1074219
13096,5942.75732422
13097,17681.3320312
13098,15880.6318359
13099,5326.91015625
13100,7074.59619141
13101,6074.37939453
13102,7993.65625
13103,6580.66064453
13104,11914.0058594
13105,8200.82324219
13106,10338.2802734
13107,4547.37011719
13108,8526.54589844
13109,4986.10351562
13110,8842.20996094
13111,7128.93457031
13112,7098.67285156
13113,6962.22949219
13114,6580.17724609
13115,9590.34277344
13116,10652.6464844
13117,5893.35351562
13118,12185.2832031
13119,7335.41503906
13120,10889.3779297
13121,5749.80371094
13122,6093.12841797
13123,6388.97216797
13124,11387.1191406
13125,7292.81103516
13126,8142.36914062
13127,7634.51269531
13128,10263.828125
13129,4628.40332031
13130,9478.50976562
13131,8027.50292969
13132,4625.33154297
13133,16059.4130859
13134,17863.8339844
13135,8202.24707031
13136,7694.43554688
13137,10843.4238281
13138,12045.1240234
13139,13098.2958984
13140,6562.64599609
13141,8723.09472656
13142,6876.49316406
13143,9201.10644531
13144,4642.68115234
13145,6587.16650391
13146,5990.23730469
13147,5877.93798828
13148,8475.61816406
13149,5548.27636719
13150,5294.37402344
13151,7366.98095703
13152,3630.55029297
13153,5253.63671875
13154,6529.11132812
13155,7804.90820312
13156,10510.2783203
13157,8409.38085938
13158,7964.91845703
13159,6350.97412109
13160,7250.28222656
13161,13279.453125
13162,8190.58300781
13163,6337.23828125
13164,5165.328125
13165,9822.81445312
13166,5012.94775391
13167,7823.49609375
13168,3776.95751953
13169,6219.05712891
13170,7483.00244141
13171,6652.34570312
13172,5420.32763672
13173,9634.82714844
13174,10989.078125
13175,13532.6582031
13176,7285.73339844
13177,9639.24804688
13178,3679.48095703
13179,5809.06982422
13180,7588.04443359
13181,4836.86865234
13182,8895.02636719
13183,5866.01367188
13184,5852.55029297
13185,10018.7021484
13186,11718.4902344
13187,9085.97363281
13188,5579.26904297
13189,5752.57958984
13190,11726.8535156
13191,8928.50683594
13192,6976.64794922
13193,5266.81787109
13194,7638.89794922
13195,11206.1914062
13196,5036.19726562
13197,7132.70996094
13198,8890.19140625
13199,9560.47851562
13200,15279.7060547
13201,6894.19873047
13202,15921.4267578
13203,7127.55419922
13204,6425.42626953
13205,4123.25341797
13206,6975.12402344
13207,6199.63720703
13208,6349.97460938
13209,8074.77539062
13210,5300.18505859
13211,5216.67382812
13212,7876.61132812
13213,4276.07128906
13214,8001.68066406
13215,6978.171875
13216,8544.48925781
13217,9815.2109375
13218,5655.36816406
13219,9882.30664062
13220,6750.66552734
13221,6322.22314453
13222,5583.66650391
13223,6247.73876953
13224,10820.4794922
13225,7240.53076172
13226,5277.80078125
13227,8719.19335938
13228,9182.88769531
13229,8077.14746094
13230,6347.40673828
13231,10284.7099609
13232,6067.15869141
13233,6406.77294922
13234,6477.64550781
13235,9909.8203125
13236,6479.76464844
13237,7040.38720703
13238,5506.62011719
13239,5657.59619141
13240,4517.19335938
13241,5265.93310547
13242,8014.80273438
13243,9763.54003906
13244,12206.1855469
13245,12267.6796875
13246,9215.58886719
13247,7170.73876953
13248,5628.52490234
13249,12146.7724609
13250,10836.8583984
13251,7108.92431641
13252,10053.390625
13253,9616.63964844
13254,6122.04638672
13255,4476.6875
13256,11179.2578125
13257,6798.65039062
13258,7962.82958984
13259,6104.18652344
13260,3270.05810547
13261,13647.1308594
13262,5901.43701172
13263,5409.04248047
13264,5414.71044922
13265,6174.05566406
13266,8255.4375
13267,8854.16015625
13268,6479.53662109
13269,5756.87744141
13270,5323.62402344
13271,5234.74853516
13272,3771.81982422
13273,8123.44921875
13274,18365.8945312
13275,4811.59619141
13276,6261.27539062
13277,8666.04980469
13278,5927.83398438
13279,6260.58837891
13280,5246.51025391
13281,4811.65136719
13282,7478.94189453
13283,7702.91650391
13284,4305.5859375
13285,9575.34375
13286,5609.63183594
13287,5323.14648438
13288,11310.6142578
13289,9518.85253906
13290,10711.8515625
13291,6335.8359375
13292,7695.02978516
13293,5272.26123047
13294,6267.82373047
13295,18693.0292969
13296,10372.0966797
13297,7322.87402344
13298,6487.61914062
13299,4807.6328125
13300,6006.22216797
13301,5315.87548828
13302,11091.2792969
13303,5742.21826172
13304,5691.34326172
13305,8290.64550781
13306,5097.47460938
13307,6738.77685547
13308,7654.19873047
13309,7995.12744141
13310,7169.03564453
13311,4754.84765625
13312,5490.57080078
13313,5848.44287109
13314,10268.0673828
13315,9184.61328125
13316,7769.54638672
13317,4932.84619141
13318,8426.33789062
13319,7371.50732422
13320,5378.99023438
13321,7738.83886719
13322,8180.38671875
13323,7057.57861328
13324,7200.97119141
13325,7763.80566406
13326,6472.53173828
13327,6238.11035156
13328,8295.79394531
13329,6667.12695312
13330,6533.56640625
13331,9673.77636719
13332,6419.01855469
13333,5554.59375
13334,13885.359375
13335,6600.99121094
13336,3994.38989258
13337,9187.33007812
13338,8957.4140625
13339,11685.1650391
13340,5408.96484375
13341,7253.74072266
13342,6459.45654297
13343,8512.33496094
13344,6890.30712891
13345,10028.6445312
13346,3484.83007812
13347,6860.73046875
13348,6634.58398438
13349,6151.60644531
13350,5404.64306641
13351,7769.23535156
13352,9863.671875
13353,6043.109375
13354,8485.40527344
13355,7699.03076172
13356,10113.4316406
13357,5380.63769531
13358,7248.60839844
13359,6920.82275391
13360,8564.7734375
13361,9719.07421875
13362,3976.11181641
13363,8966.48339844
13364,7806.03271484
13365,8422.22363281
13366,5438.55224609
13367,4413.94042969
13368,8456.92578125
13369,6385.07324219
13370,10051.234375
13371,6900.90917969
13372,6583.98193359
13373,8377.63867188
13374,7898.35302734
13375,6853.8828125
13376,7988.17578125
13377,6377.19726562
13378,10093.5908203
13379,11862.9472656
13380,7748.44775391
13381,5136.89453125
13382,5996.62304688
13383,4514.61328125
13384,3529.65869141
13385,9559.12890625
13386,5973.77001953
13387,10297.0273438
13388,4286.87402344
13389,6051.42675781
13390,6288.08740234
13391,11096.6435547
13392,5531.1875
13393,5528.01269531
13394,6507.51904297
13395,8350.40332031
13396,5556.89892578
13397,8600.70898438
13398,7718.92041016
13399,9090.00488281
13400,8244.23144531
13401,7757.8984375
13402,6544.59912109
13403,5441.94580078
13404,5346.77880859
13405,12760.9228516
13406,9875.33496094
13407,8680.484375
13408,16621.7578125
13409,6908.8515625
13410,5361.13916016
13411,6849.96142578
13412,9577.29882812
13413,10313.6191406
13414,8199.75195312
13415,8876.38964844
13416,9789.53710938
13417,7872.27001953
13418,7206.50195312
13419,5830.48583984
13420,5328.38378906
13421,5042.5859375
13422,4742.31005859
13423,6288.18310547
13424,8942.52636719
13425,17988.484375
13426,7445.84570312
13427,5426.93896484
13428,8953.58691406
13429,4212.27246094
13430,7093.75244141
13431,4311.18359375
13432,9185.92773438
13433,7333.49755859
13434,7137.67773438
13435,15774.7382812
13436,13096.4589844
13437,6530.10205078
13438,7387.97802734
13439,4558.93994141
13440,5699.73681641
13441,6327.8515625
13442,8398.89648438
13443,4993.44335938
13444,4386.30566406
13445,6175.02148438
13446,5969.03125
13447,7840.61083984
13448,8119.50634766
13449,3611.08349609
13450,8079.13574219
13451,9807.58398438
13452,8708.85449219
13453,6052.48291016
13454,5476.44335938
13455,9327.93945312
13456,5089.45849609
13457,11305.5029297
13458,5170.34130859
13459,5991.09423828
13460,7624.90673828
13461,6248.42382812
13462,4776.85058594
13463,6562.13867188
13464,7740.47021484
13465,10148.2070312
13466,11995.9179688
13467,6564.33007812
13468,4808.10009766
13469,6053.67822266
13470,6141.31738281
13471,5432.04589844
13472,6574.80664062
13473,7054.98779297
13474,11272.6845703
13475,8213.15234375
13476,7066.22705078
13477,9123.50585938
13478,4881.09375
13479,10062.3613281
13480,6264.49462891
13481,12881.3320312
13482,7004.64599609
13483,5659.49072266
13484,6021.35986328
13485,4520.43945312
13486,7834.52539062
13487,18996.4199219
13488,5285.94238281
13489,4873.33837891
13490,9736.66503906
13491,7430.1953125
13492,6655.77929688
13493,9248.71484375
13494,6924.1171875
13495,5169.93164062
13496,4846.06347656
13497,10304.9863281
13498,6531.54101562
13499,8765.9140625
13500,9084.85644531
13501,4844.86621094
13502,8195.07617188
13503,7311.37207031
13504,4438.93603516
13505,9357.97949219
13506,9863.765625
13507,4918.48828125
13508,8829.61035156
13509,7375.92382812
13510,5441.59277344
13511,9701.8203125
13512,7136.82666016
13513,8808.94335938
13514,5075.27832031
13515,5757.23974609
13516,8284.45605469
13517,4222.09570312
13518,7928.84667969
13519,5283.06933594
13520,6776.39892578
13521,5267.78222656
13522,6370.90527344
13523,6894.98779297
13524,7842.83203125
13525,7271.35595703
13526,9189.77539062
13527,6129.484375
13528,8508.90039062
13529,6932.84033203
13530,10430.6865234
13531,9351.43066406
13532,7959.85302734
13533,3239.84594727
13534,6165.72265625
13535,8293.4921875
13536,4239.73681641
13537,12187.3408203
13538,5733.85546875
13539,7138.38574219
13540,11333.1083984
13541,7136.92871094
13542,4423.07763672
13543,10218.5253906
13544,11270.9433594
13545,6523.96972656
13546,10112.96875
13547,10198.2636719
13548,5998.91699219
13549,6058.84814453
13550,8161.60546875
13551,6343.75097656
13552,6190.07666016
13553,7954.85888672
13554,5125.09912109
13555,7442.28125
13556,7754.79882812
13557,7508.40380859
13558,9426.87695312
13559,7241.73974609
13560,7737.90136719
13561,4580.56005859
13562,7526.71679688
13563,7920.82714844
13564,6911.66601562
13565,7478.52832031
13566,7665.22363281
13567,10049.9023438
13568,6512.02685547
13569,5397.80175781
13570,6105.07763672
13571,7998.65917969
13572,8558.32128906
13573,5213.51025391
13574,4499.14550781
13575,7974.80761719
13576,7519.09667969
13577,6268.7265625
13578,8873.55371094
13579,6648.83740234
13580,8215.41699219
13581,5570.0859375
13582,3807.52905273
13583,7398.65429688
13584,7802.91357422
13585,7623.06689453
13586,9807.64941406
13587,10407.3046875
13588,5417.86181641
13589,8715.85058594
13590,4421.11181641
13591,3002.75195312
13592,8261.73828125
13593,12395.9609375
13594,8100.24560547
13595,8486.06933594
13596,4770.21142578
13597,7767.23486328
13598,9178.96484375
13599,6638.09082031
13600,7872.96142578
13601,6309.37353516
13602,5186.47851562
13603,5465.08349609
13604,6467.55126953
13605,6406.74267578
13606,5553.92089844
13607,5271.41113281
13608,4667.51611328
13609,7227.11083984
13610,7419.890625
13611,5634.79931641
13612,6954.89550781
13613,8523.65136719
13614,6613.02734375
13615,5872.27246094
13616,10158.8203125
13617,8247.16601562
13618,5635.28857422
13619,4553.32910156
13620,11938.0058594
13621,6556.18945312
13622,6447.58251953
13623,8061.5625
13624,8671.35742188
13625,9079.33886719
13626,7043.89355469
13627,8149.26757812
13628,10268.8017578
13629,12959.3095703
13630,5593.21337891
13631,5737.19287109
13632,5529.56835938
13633,7508.77636719
13634,6243.96191406
13635,8307.91699219
13636,9787.34277344
13637,6399.62109375
13638,4634.93798828
13639,6208.359375
13640,9491.35644531
13641,5562.6953125
13642,8145.34423828
13643,4158.22900391
13644,7419.18310547
13645,8252.48535156
13646,8338.73535156
13647,10355.796875
13648,7416.67138672
13649,4236.3125
13650,7034.82226562
13651,8212.35253906
13652,10348.2138672
13653,8600.51367188
13654,8374.82617188
13655,6996.60644531
13656,5104.56884766
13657,11359.7294922
13658,4475.6796875
13659,11285.6484375
13660,6350.30175781
13661,4480.51953125
13662,8267.74511719
13663,6528.00341797
13664,8987.82910156
13665,8787.47753906
13666,4540.04052734
13667,5017.18603516
13668,8576.32324219
13669,9154.24902344
13670,9827.76269531
13671,5935.82324219
13672,6226.71435547
13673,6856.67431641
13674,6960.29736328
13675,6008.87548828
13676,11218.2744141
13677,9788.71582031
13678,11314.1220703
13679,4535.34912109
13680,6881.93261719
13681,10196.8632812
13682,8788.86914062
13683,5876.76074219
13684,11458.7958984
13685,7187.02148438
13686,5929.49658203
13687,5230.87011719
13688,5927.95849609
13689,5564.21289062
13690,6576.41259766
13691,4850.29931641
13692,5059.00976562
13693,9775.15039062
13694,7694.20068359
13695,23944.7832031
13696,6869.66210938
13697,4982.98974609
13698,8698.05371094
13699,12486.8066406
13700,8279.13183594
13701,9016.55761719
13702,6527.01318359
13703,8953.52734375
13704,8520.06738281
13705,5714.41796875
13706,6277.21142578
13707,7510.61035156
13708,9018.77636719
13709,7897.81835938
13710,9130.86132812
13711,5819.69580078
13712,5285.50390625
13713,6682.99316406
13714,10963.0429688
13715,13406.0205078
13716,11868.9013672
13717,9555.76464844
13718,5827.53320312
13719,6924.69873047
13720,5103.36621094
13721,9588.11132812
13722,11902.0800781
13723,10190.7773438
13724,7582.87841797
13725,6754.95507812
13726,4784.57519531
13727,5506.33642578
13728,11577.3486328
13729,7154.98388672
13730,5636.71826172
13731,5840.38769531
13732,8745.22070312
13733,4167.81933594
13734,8354.609375
13735,5169.61621094
13736,6631.40820312
13737,7264.70800781
13738,6994.55126953
13739,7847.67333984
13740,7021.18115234
13741,5590.63671875
13742,8521.49804688
13743,8343.94628906
13744,11842.2607422
13745,5998.67675781
13746,9512.6171875
13747,7924.56005859
13748,10429.8017578
13749,8221.578125
13750,10497.4941406
13751,5208.71923828
13752,6423.09130859
13753,8152.65771484
13754,6988.78955078
13755,10503.3740234
13756,8290.18652344
13757,6692.32519531
13758,8346.70019531
13759,6895.38232422
13760,10912.0947266
13761,4819.79101562
13762,16509.7265625
13763,5611.30175781
13764,6690.43603516
13765,10716.1523438
13766,5828.84521484
13767,7649.0390625
13768,6963.45800781
13769,9371.53710938
13770,6075.90917969
13771,5799.37548828
13772,7988.40429688
13773,8865.23046875
13774,9694.6875
13775,4839.46679688
13776,8461.81445312
13777,12474.4746094
13778,8494.83203125
13779,6034.98730469
13780,7251.74121094
13781,6464.93017578
13782,6610.00683594
13783,7864.42041016
13784,4945.88330078
13785,10150.3076172
13786,7901.18603516
13787,7706.21582031
13788,9328.66113281
13789,5753.44677734
13790,6856.19091797
13791,5532.765625
13792,9118.48632812
13793,9558.00683594
13794,5277.34765625
13795,5653.65283203
13796,7454.55029297
13797,6226.73828125
13798,6513.53613281
13799,8666.67773438
13800,6779.65136719
13801,8750.44433594
13802,6279.11523438
13803,5558.16552734
13804,8300.31445312
13805,8265.41113281
13806,9523.49316406
13807,8770.57226562
13808,10109.1503906
13809,6148.83203125
13810,10217.6972656
13811,7923.88720703
13812,8731.32714844
13813,10433.2441406
13814,6734.75439453
13815,12468.6699219
13816,9050.12402344
13817,9110.78417969
13818,6942.3359375
13819,8826.72265625
13820,8490.33691406
13821,7230.13769531
13822,4097.08300781
13823,6273.49414062
13824,9267.95605469
13825,6940.40966797
13826,4917.63476562
13827,10858.7929688
13828,7107.08056641
13829,5790.06787109
13830,7387.52685547
13831,7085.40087891
13832,10241.3173828
13833,8983.81738281
13834,7496.51074219
13835,5528.64550781
13836,6343.87841797
13837,8202.08300781
13838,4350.55761719
13839,8671.23339844
13840,6523.0859375
13841,9958.36914062
13842,8343.54882812
13843,7097.29150391
13844,12219.9892578
13845,6790.60107422
13846,5337.1640625
13847,13373.8388672
13848,8354.07519531
13849,8727.90527344
13850,9042.17773438
13851,5698.73632812
13852,7057.03369141
13853,5891.26318359
13854,9259.18261719
13855,14948.9785156
13856,7535.43701172
13857,3438.96289062
13858,6039.12158203
13859,10229.9257812
13860,10133.9501953
13861,6936.65722656
13862,8759.921875
13863,5989.31201172
13864,5742.04296875
13865,4000.92211914
13866,6153.03271484
13867,7281.16894531
13868,7373.75048828
13869,7912.36230469
13870,7773.59375
13871,8853.51757812
13872,10100.4570312
13873,9608.7734375
13874,5347.18652344
13875,11256.6123047
13876,14167.6445312
13877,6520.51123047
13878,9470.41308594
13879,6439.93701172
13880,8133.76074219
13881,4427.80175781
13882,8927.17871094
13883,6030.18847656
13884,10519.5742188
13885,9074.62890625
13886,9943.27050781
13887,9665.25488281
13888,6373.14794922
13889,10014.2978516
13890,22065.6855469
13891,12593.8144531
13892,8015.90380859
13893,3418.06347656
13894,7182.15576172
13895,10629.5976562
13896,5927.95263672
13897,12208.875
13898,21340.8417969
13899,4341.87988281
13900,6611.98681641
13901,9804.64648438
13902,6157.04199219
13903,11056.9306641
13904,7755.109375
13905,9690.21386719
13906,4720.20507812
13907,7319.47998047
13908,6994.19726562
13909,9489.34667969
13910,8861.67089844
13911,6271.66943359
13912,6542.32763672
13913,7945.44873047
13914,5896.22705078
13915,5638.42285156
13916,8172.63574219
13917,5973.51367188
13918,6517.19042969
13919,9668.37988281
13920,8032.90283203
13921,7104.40283203
13922,8480.98730469
13923,8475.40820312
13924,8576.6015625
13925,8331.453125
13926,8181.32373047
13927,6685.28857422
13928,3736.48461914
13929,7569.58203125
13930,9074.57714844
13931,6601.11669922
13932,5166.2890625
13933,10387.1748047
13934,8759.1015625
13935,10754.3642578
13936,8487.17871094
13937,6647.734375
13938,6341.33154297
13939,5744.25097656
13940,12572.1767578
13941,5491.78564453
13942,8207.50585938
13943,19745.9570312
13944,8125.29394531
13945,7857.12548828
13946,5103.78027344
13947,5672.25048828
13948,7984.08544922
13949,4334.75439453
13950,7008.92285156
13951,13071.9619141
13952,5955.18945312
13953,19054.5566406
13954,17328.5136719
13955,5297.36474609
13956,6913.51269531
13957,6474.10595703
13958,8462.37988281
13959,7246.25097656
13960,12369.2587891
13961,8483.05078125
13962,11783.4833984
13963,4925.625
13964,8622.85351562
13965,4751.73730469
13966,9237.89746094
13967,6994.75146484
13968,7387.96435547
13969,7062.97949219
13970,6395.25195312
13971,9988.78125
13972,11789.5302734
13973,5912.41845703
13974,12948.4492188
13975,7303.46826172
13976,11805.3515625
13977,6244.50976562
13978,6264.02880859
13979,6748.46386719
13980,11906.8496094
13981,7275.53222656
13982,7910.64941406
13983,8075.17529297
13984,10357.3378906
13985,4455.44238281
13986,10963.0224609
13987,9030.09570312
13988,5089.04101562
13989,16876.9902344
13990,18307.1152344
13991,8555.43261719
13992,8046.49072266
13993,11886.4716797
13994,12907.2558594
13995,13919.8076172
13996,7738.23388672
13997,9440.7421875
13998,7523.91796875
13999,9639.59667969
14000,4899.48681641
14001,7464.95263672
14002,6336.54882812
14003,6174.75048828
14004,8831.70800781
14005,5852.52246094
14006,5641.03222656
14007,7753.68212891
14008,3911.48144531
14009,5377.75927734
14010,6494.86328125
14011,7804.953125
14012,10867.4648438
14013,8632.49023438
14014,8406.20507812
14015,6180.73144531
14016,7349.46337891
14017,13920.6044922
14018,8877.18554688
14019,7175.41162109
14020,4977.76855469
14021,10383.4199219
14022,5063.47460938
14023,7873.00585938
14024,4022.35546875
14025,6600.57568359
14026,8350.49804688
14027,6641.25732422
14028,5214.22167969
14029,9459.5078125
14030,11235.5351562
14031,13541.4882812
14032,8004.05419922
14033,9710.37304688
14034,3896.0534668
14035,6025.35839844
14036,7910.15185547
14037,5177.02294922
14038,9006.23535156
14039,6495.71142578
14040,6118.10058594
14041,10368.8134766
14042,12506.1386719
14043,8789.44726562
14044,5829.15673828
14045,6593.93066406
14046,11317.7802734
14047,8259.83203125
14048,7780.07666016
14049,5331.59179688
14050,7953.03076172
14051,12837.5097656
14052,4871.51171875
14053,7631.56396484
14054,9174.40429688
14055,9905.67285156
14056,16795.9824219
14057,6878.92041016
14058,16511.5507812
14059,7388.05566406
14060,6768.32470703
14061,4692.67675781
14062,7689.57128906
14063,6498.30175781
14064,6622.76757812
14065,7796.21044922
14066,5273.00048828
14067,5425.89355469
14068,8042.22460938
14069,4601.20800781
14070,8248.35351562
14071,7163.72460938
14072,9345.58984375
14073,9962.8828125
14074,5854.00732422
14075,10631.453125
14076,6900.30371094
14077,6449.71728516
14078,5519.33496094
14079,6047.99316406
14080,11657.5693359
14081,8067.63867188
14082,5689.18310547
14083,9023.38769531
14084,8981.8203125
14085,8276.45605469
14086,6719.96386719
14087,10688.4492188
14088,6252.85400391
14089,6252.81787109
14090,6888.65771484
14091,9499.77832031
14092,7238.59033203
14093,7934.6796875
14094,5404.28759766
14095,6137.17138672
14096,4987.16015625
14097,5426.63330078
14098,7476.29638672
14099,10240.8984375
14100,12552.3125
14101,13092.8496094
14102,9635.69042969
14103,7110.26708984
14104,5920.57861328
14105,12298.2089844
14106,11842.0683594
14107,6869.55078125
14108,10941.5664062
14109,11490.6201172
14110,6352.28857422
14111,4994.13378906
14112,11867.7460938
14113,7047.65625
14114,8717.33984375
14115,6436.79296875
14116,3518.72558594
14117,14510.8525391
14118,5941.43115234
14119,5969.81738281
14120,5592.23193359
14121,5860.39892578
14122,9816.76367188
14123,9337.08203125
14124,6366.86523438
14125,5796.87011719
14126,5536.13867188
14127,5479.75146484
14128,4002.23901367
14129,8692.87890625
14130,18946.8789062
14131,5469.49560547
14132,6306.87597656
14133,9121.08789062
14134,6638.36279297
14135,6961.63183594
14136,5222.52441406
14137,5496.42919922
14138,7745.80273438
14139,7250.91113281
14140,4509.13867188
14141,9922.26660156
14142,5938.71142578
14143,5680.25244141
14144,11714.5566406
14145,10294.140625
14146,11133.9287109
14147,7542.01611328
14148,8623.67578125
14149,5232.91113281
14150,6740.28125
14151,18188.4628906
14152,10561.5058594
14153,7551.76269531
14154,7144.01171875
14155,4719.65576172
14156,6115.27636719
14157,5772.54296875
14158,11483.1816406
14159,6140.15771484
14160,6101.18847656
14161,8520.42382812
14162,4843.66015625
14163,6968.8203125
14164,8310.77050781
14165,8326.98828125
14166,7318.76074219
14167,5466.19873047
14168,5854.07421875
14169,5622.46728516
14170,10961.4755859
14171,9454.1953125
14172,8168.48193359
14173,5497.15283203
14174,8527.00976562
14175,7841.3359375
14176,5431.99365234
14177,8341.82910156
14178,8587.40625
14179,7361.7265625
14180,7542.82226562
14181,8936.54101562
14182,6730.74072266
14183,6869.26269531
14184,8380.98730469
14185,6479.62255859
14186,6637.65380859
14187,9833.89453125
14188,6441.78613281
14189,6184.17529297
14190,14200.2607422
14191,7303.32910156
14192,4053.40063477
14193,10431.4921875
14194,9087.61230469
14195,12809.6855469
14196,5676.18505859
14197,7886.54199219
14198,6821.30029297
14199,8768.18847656
14200,7373.51855469
14201,10299.7685547
14202,3524.87036133
14203,7676.703125
14204,6790.87353516
14205,6764.75537109
14206,5962.41894531
14207,7860.13867188
14208,10968.2099609
14209,6411.06445312
14210,9401.33203125
14211,7925.92822266
14212,10552.8671875
14213,4791.9375
14214,7844.3359375
14215,7265.98974609
14216,9078.2734375
14217,10123.3623047
14218,4040.86914062
14219,8656.72265625
14220,7949.20849609
14221,8971.13671875
14222,5762.23974609
14223,4863.66552734
14224,9049.8828125
14225,7176.76708984
14226,10322.8798828
14227,7375.53710938
14228,7237.83105469
14229,8508.55175781
14230,9230.90429688
14231,7492.56494141
14232,8483.32617188
14233,6873.70605469
14234,10660.3603516
14235,12446.4638672
14236,8150.11523438
14237,5500.05810547
14238,6274.0625
14239,4731.67333984
14240,4108.32275391
14241,10639.8330078
14242,6089.38671875
14243,11618.0771484
14244,4352.50390625
14245,6174.98632812
14246,6912.10791016
14247,11358.9169922
14248,5165.72265625
14249,5692.74414062
14250,6822.34082031
14251,8763.07226562
14252,5744.30566406
14253,8655.1953125
14254,7525.25244141
14255,9669.75488281
14256,8459.94238281
14257,7903.84716797
14258,6694.13232422
14259,5932.27392578
14260,5291.10791016
14261,14061.9970703
14262,10662.8320312
14263,8948.19140625
14264,16076.2558594
14265,7616.34472656
14266,5380.98632812
14267,8353.390625
14268,9871.43652344
14269,10437.1855469
14270,8689.40527344
14271,9944.37011719
14272,10279.7666016
14273,8394.38671875
14274,7413.71533203
14275,6167.19873047
14276,6011.23144531
14277,4987.53564453
14278,4978.18652344
14279,7017.3046875
14280,8857.20898438
14281,18522.9609375
14282,7870.91894531
14283,5588.47265625
14284,9706.00390625
14285,4289.78613281
14286,7077.79541016
14287,4314.359375
14288,9819.48925781
14289,7418.99902344
14290,7757.00292969
14291,17144.6777344
14292,12315.5576172
14293,6936.08837891
14294,7824.22802734
14295,4691.37841797
14296,5949.79003906
14297,6703.17919922
14298,8541.39257812
14299,5356.86572266
14300,4622.23535156
14301,7090.39013672
14302,6132.87646484
14303,9036.82421875
14304,8511.05957031
14305,3910.98144531
14306,8211.6953125
14307,10925.5283203
14308,9278.39257812
14309,6862.45849609
14310,5482.328125
14311,9889.04882812
14312,5252.77929688
14313,11871.0859375
14314,5651.16748047
14315,6271.57373047
14316,8068.27001953
14317,6638.13525391
14318,4941.51171875
14319,6590.30859375
14320,8186.17822266
14321,10778.578125
14322,13027.0820312
14323,6581.43847656
14324,5109.7421875
14325,6420.359375
14326,6496.32519531
14327,6357.30761719
14328,7246.72851562
14329,7407.98242188
14330,12485.9609375
14331,8575.71777344
14332,7622.55126953
14333,9364.28222656
14334,5251.171875
14335,10561.9599609
14336,6974.79833984
14337,10411.7128906
14338,7202.53710938
14339,5796.66601562
14340,6456.61083984
14341,5041.49902344
14342,8388.36816406
14343,19586.4199219
14344,5451.46337891
14345,4681.83886719
14346,10697.6083984
14347,8079.05078125
14348,7515.50439453
14349,9586.96777344
14350,7387.87939453
14351,4951.31591797
14352,5207.30322266
14353,11585.4121094
14354,6914.12597656
14355,9103.94824219
14356,8872.09765625
14357,5077.40917969
14358,8412.26074219
14359,8131.08447266
14360,4557.03125
14361,10082.5644531
14362,11047.1601562
14363,5025.99462891
14364,8717.796875
14365,7718.54492188
14366,5618.94482422
14367,9874.52539062
14368,7191.30712891
14369,8964.94433594
14370,5437.64404297
14371,6250.39746094
14372,8305.60351562
14373,4325.67529297
14374,8405.8359375
14375,5559.92578125
14376,7232.25537109
14377,5757.41015625
14378,6711.65576172
14379,7099.10644531
14380,8232.93945312
14381,7716.95458984
14382,9420.96289062
14383,5958.23486328
14384,9185.12109375
14385,7131.94091797
14386,11063.9042969
14387,9863.34277344
14388,8178.60791016
14389,3175.43237305
14390,6659.86279297
14391,8980.84472656
14392,4245.76708984
14393,11956.625
14394,5775.43994141
14395,7756.86279297
14396,12307.8310547
14397,8000.05517578
14398,4452.6171875
14399,9966.14160156
14400,11418.8984375
14401,6732.84082031
14402,11431.2988281
14403,11696.5947266
14404,5815.22314453
14405,6492.96142578
14406,8083.85302734
14407,7058.36621094
14408,6356.42822266
14409,7973.73583984
14410,5394.55371094
14411,7628.20214844
14412,7814.74853516
14413,8476.67773438
14414,9845.84179688
14415,7804.42431641
14416,8300.66992188
14417,4658.10449219
14418,7750.58349609
14419,8102.78027344
14420,7557.64990234
14421,7817.14160156
14422,7927.41015625
14423,11066.9121094
14424,6882.77294922
14425,5959.92285156
14426,6506.66259766
14427,7837.62744141
14428,9277.59570312
14429,5312.01806641
14430,4805.94042969
14431,7630.31933594
14432,7098.90332031
14433,7042.58300781
14434,9079.85839844
14435,6562.26416016
14436,8621.50488281
14437,5852.11474609
14438,4130.18164062
14439,7791.63916016
14440,8270.734375
14441,9300.16992188
14442,10880.2939453
14443,10984.4580078
14444,5660.33837891
14445,9568.72460938
14446,4771.57666016
14447,3337.08447266
14448,8920.53125
14449,13719.7578125
14450,8047.09716797
14451,9159.58496094
14452,5336.62402344
14453,8452.296875
14454,10217.8632812
14455,7309.34326172
14456,8636.82128906
14457,6637.32519531
14458,5338.69628906
14459,5957.35986328
14460,6601.08544922
14461,6840.8203125
14462,5710.61523438
14463,5473.15332031
14464,5056.05224609
14465,7677.94042969
14466,8907.89648438
14467,5777.80908203
14468,7801.23193359
14469,8806.43066406
14470,7040.94482422
14471,6204.33984375
14472,10330.375
14473,8919.21289062
14474,5392.27978516
14475,4890.66650391
14476,15014.5927734
14477,6392.63574219
14478,7055.95654297
14479,8321.03417969
14480,9029.64746094
14481,9713.20800781
14482,7571.98632812
14483,8482.75195312
14484,11684.1953125
14485,13355.7890625
14486,6459.92480469
14487,6337.18359375
14488,5582.53222656
14489,8026.43847656
14490,6437.40673828
14491,8153.20947266
14492,10691.5185547
14493,6798.92285156
14494,4882.52832031
14495,6897.88183594
14496,9995.40527344
14497,6081.87548828
14498,8561.66113281
14499,4349.23779297
14500,7430.07421875
14501,8490.90332031
14502,8897.99609375
14503,11604.7763672
14504,8264.69335938
14505,4312.73779297
14506,7008.31445312
14507,8535.32519531
14508,10646.5927734
14509,9228.0078125
14510,8578.37695312
14511,7680.87744141
14512,5418.78173828
14513,12243.1103516
14514,4609.04492188
14515,11993.7558594
14516,6537.84863281
14517,4356.64111328
14518,9255.52636719
14519,7482.68847656
14520,9417.64746094
14521,8992.34667969
14522,5204.61669922
14523,5355.98730469
14524,8503.87109375
14525,10186.8505859
14526,10290.7646484
14527,6177.88427734
14528,6955.00195312
14529,7949.03369141
14530,7647.30322266
14531,6623.0703125
14532,11988.5292969
14533,10412.8935547
14534,12554.4316406
14535,4772.51464844
14536,7596.42236328
14537,10136.5507812
14538,9268.37109375
14539,6775.953125
14540,12557.6289062
14541,7510.1875
14542,6431.63720703
14543,5574.96533203
14544,6399.26708984
14545,6222.54638672
14546,7431.64111328
14547,5530.19091797
14548,5632.31152344
14549,10620.5283203
14550,7793.79492188
14551,24833.0058594
14552,6865.60107422
14553,5566.72363281
14554,11026.875
14555,13895.984375
14556,9917.1015625
14557,10341.0507812
14558,7396.14941406
14559,10121.1035156
14560,11264.0761719
14561,7586.51025391
14562,8139.51123047
14563,10591.6777344
14564,10143.8134766
14565,10224.1699219
14566,10559.0087891
14567,9327.16601562
14568,6485.57080078
14569,8568.01660156
14570,15446.4472656
14571,15965.234375
14572,15485.4179688
14573,12658.9033203
14574,5911.15527344
14575,7891.7265625
14576,5677.80419922
14577,11637.8515625
14578,17142.6816406
14579,11637.484375
14580,10258.1220703
14581,8545.61425781
14582,5058.98486328
14583,7885.65429688
14584,14792.4453125
14585,9725.88085938
14586,7510.84619141
14587,8401.63574219
14588,10599.0039062
14589,4921.44970703
14590,10463.6582031
14591,6690.67871094
14592,9180.31347656
14593,9654.85253906
14594,7649.43310547
14595,9780.07421875
14596,9925.73144531
14597,7018.38916016
14598,9108.22949219
14599,10729.8984375
14600,16368.6826172
14601,8415.48632812
14602,12096.0537109
14603,8900.16894531
14604,12459.5517578
14605,10071.3388672
14606,13733.3857422
14607,7528.10986328
14608,6704.91845703
14609,9211.7578125
14610,8028.65917969
14611,12661.4023438
14612,11466.4042969
14613,8169.43212891
14614,10599.2880859
14615,8486.38476562
14616,13760.6572266
14617,5234.74853516
14618,16673.5800781
14619,7043.07373047
14620,7518.96777344
14621,12457.6025391
14622,7358.84130859
14623,9792.31152344
14624,9249.83496094
14625,11184.0253906
14626,8280.37988281
14627,7608.77880859
14628,10535.7597656
14629,11854.4541016
14630,12128.1689453
14631,7122.75683594
14632,9650.43359375
14633,15618.3291016
14634,9269.36230469
14635,6673.96679688
14636,9712.6796875
14637,7211.26757812
14638,8241.88085938
14639,9726.73339844
14640,5457.28515625
14641,13577.8027344
14642,8376.3203125
14643,11202.4609375
14644,10905.5292969
14645,6223.34179688
14646,8432.07714844
14647,8463.4765625
14648,12009.3574219
14649,12022.4677734
14650,6623.6328125
14651,6442.31445312
14652,9751.89746094
14653,8467.37695312
14654,8959.20800781
14655,9904.47265625
14656,8898.39453125
14657,10363.5039062
14658,8548.42675781
14659,6088.88720703
14660,10420.4355469
14661,9528.62597656
14662,10820.5195312
14663,12418.5869141
14664,12208.4560547
14665,8504.6171875
14666,12460.0869141
14667,9094.296875
14668,10222.8925781
14669,13044.6376953
14670,9578.11132812
14671,13756.3261719
14672,9811.84960938
14673,11443.1337891
14674,8005.68798828
14675,9616.19042969
14676,12796.7666016
14677,9875.32519531
14678,5365.02734375
14679,7234.49072266
14680,10685.7685547
14681,8277.34765625
14682,6382.36962891
14683,12888.8642578
14684,8083.28222656
14685,7338.00390625
14686,8179.68457031
14687,8269.50390625
14688,11212.5419922
14689,10482.0576172
14690,10548.3193359
14691,7581.39550781
14692,7165.41259766
14693,9896.7109375
14694,5373.67724609
14695,9065.24316406
14696,8634.65527344
14697,11428.7265625
14698,9714.51464844
14699,8065.11572266
14700,17441.0605469
14701,7787.68652344
14702,6479.05419922
14703,15434.8134766
14704,9662.89550781
14705,12414.7734375
14706,10383.8261719
14707,7135.03662109
14708,8677.140625
14709,7240.08935547
14710,11778.0791016
14711,17555.4765625
14712,9305.96484375
14713,4237.36328125
14714,6687.23974609
14715,13096.3466797
14716,13640.0917969
14717,9302.45898438
14718,10822.7802734
14719,6885.98388672
14720,6616.86376953
14721,4431.08447266
14722,6775.72705078
14723,8377.46289062
14724,10334.0898438
14725,9155.72460938
14726,8464.80175781
14727,11301.9013672
14728,13806.2460938
14729,10883.1796875
14730,7151.8046875
14731,12801.6376953
14732,18401.5019531
14733,9338.41796875
14734,11367.2392578
14735,7952.68896484
14736,9527.32617188
14737,6740.48046875
14738,10760.5917969
14739,9504.2734375
14740,11724.7509766
14741,10207.8876953
14742,13300.5185547
14743,11468.1113281
14744,7392.91210938
14745,14133.0283203
14746,24312.8046875
14747,15591.5996094
14748,9684.91894531
14749,4411.11181641
14750,8969.33984375
14751,13095.1591797
14752,7768.37597656
14753,13158.2460938
14754,22746.4726562
14755,5283.77490234
14756,8344.38476562
14757,11919.2460938
14758,7344.71875
14759,13714.8242188
14760,10713.2001953
14761,11497.7460938
14762,5431.98291016
14763,9285.26269531
14764,8873.359375
14765,10548.4501953
14766,15220.3349609
14767,7976.02490234
14768,7975.63720703
14769,9168.11523438
14770,7816.43310547
14771,6934.35498047
14772,9886.39941406
14773,8113.30566406
14774,8088.44970703
14775,10922.1113281
14776,8522.04199219
14777,7868.28466797
14778,9687.58984375
14779,9979.65820312
14780,11075.7714844
14781,10359.6396484
14782,9956.11816406
14783,7148.046875
14784,5491.43505859
14785,9236.16113281
14786,10170.7451172
14787,8871.6328125
14788,6110.90917969
14789,13083.3876953
14790,10511.8017578
14791,14657.4160156
14792,9336.38671875
14793,8260.13085938
14794,7985.15185547
14795,6703.54980469
14796,15463.7080078
14797,7333.10644531
14798,10436.7871094
14799,22235.7226562
14800,10082.7949219
14801,8623.97265625
14802,6959.2421875
14803,6503.59716797
14804,10098.2216797
14805,5508.57421875
14806,7909.61621094
14807,13942.3144531
14808,7258.26660156
14809,25048.2226562
14810,20155.4121094
14811,6663.2109375
14812,9927.13183594
14813,7368.94140625
14814,9213.28613281
14815,8233.75683594
14816,14975.7353516
14817,11418.9199219
14818,14490.2744141
14819,6585.85986328
14820,9635.671875
14821,6819.74511719
14822,11683.7939453
14823,9944.55078125
14824,9081.11425781
14825,8622.74707031
14826,6527.1875
14827,12176.9414062
14828,13065.9169922
14829,7691.11914062
14830,16321.0117188
14831,8830.30957031
14832,13876.2119141
14833,6805.41699219
14834,8101.38964844
14835,8977.15332031
14836,17026.4882812
14837,8706.09667969
14838,11878.0390625
14839,10206.0869141
14840,14455.765625
14841,6249.72363281
14842,11529.3505859
14843,9371.33203125
14844,6208.90429688
14845,19640.515625
14846,21578.6582031
14847,11013.8945312
14848,12114.3535156
14849,14758.0898438
14850,15246.1953125
14851,15000.3505859
14852,10388.3935547
14853,11119.3886719
14854,9157.671875
14855,12041.9882812
14856,5551.171875
14857,8343.38964844
14858,8870.109375
14859,7949.97412109
14860,10138.8125
14861,6742.69238281
14862,8080.39160156
14863,10082.8623047
14864,4946.35498047
14865,6926.19775391
14866,8620.42871094
14867,10494.4707031
14868,14051.1240234
14869,12189.1308594
14870,9681.69628906
14871,8902.05273438
14872,8957.35351562
14873,15513.1494141
14874,11164.9892578
14875,8495.29296875
14876,7065.13525391
14877,12928.5458984
14878,5605.06396484
14879,10720.6923828
14880,4933.57128906
14881,7377.25390625
14882,11746.7001953
14883,8719.78417969
14884,7990.08837891
14885,11605.21875
14886,13403.2587891
14887,15330.4003906
14888,8771.23242188
14889,12587.9179688
14890,4491.64550781
14891,7560.30322266
14892,9611.44042969
14893,6506.42041016
14894,9681.36425781
14895,8090.94189453
14896,6807.86474609
14897,12280.4277344
14898,16996.9296875
14899,11539.7353516
14900,7676.1171875
14901,7468.9765625
14902,13017.1103516
14903,9494.08984375
14904,8517.9296875
14905,7771.39160156
14906,9926.39453125
14907,14944.046875
14908,6547.72753906
14909,8713.49023438
14910,11853.9003906
14911,11612.1396484
14912,18338.8691406
14913,8843.1796875
14914,17991.9160156
14915,9239.3515625
14916,7525.08740234
14917,5229.28369141
14918,8559.21191406
14919,8583.86816406
14920,8547.44824219
14921,9344.734375
14922,7096.24951172
14923,7564.93359375
14924,10428.8066406
14925,5217.390625
14926,9700.95898438
14927,10430.0703125
14928,11429.8056641
14929,13713.2285156
14930,8477.57519531
14931,11807.8056641
14932,7566.29052734
14933,7425.5546875
14934,7879.39941406
14935,7205.29980469
14936,16009.6054688
14937,8766.84179688
14938,6695.31982422
14939,11815.3310547
14940,13279.3007812
14941,11317.9960938
14942,9659.9921875
14943,12207.6875
14944,7045.64697266
14945,6403.98730469
14946,9092.51953125
14947,11812.8974609
14948,8929.0859375
14949,9668.18652344
14950,9117.33789062
14951,8491.59960938
14952,5716.80078125
14953,7351.39111328
14954,11769.0166016
14955,12568.5205078
14956,15015.09375
14957,17934.1992188
14958,11610.3457031
14959,8270.04785156
14960,6435.92089844
14961,13554.203125
14962,15596.5224609
14963,12415.8740234
14964,11873.6445312
14965,13037.8847656
14966,8164.31396484
14967,5741.63769531
14968,13870.125
14969,9770.38769531
14970,10640.6542969
14971,8685.84277344
14972,4969.84619141
14973,17254.9609375
14974,8221.92285156
14975,7053.78320312
14976,6088.31835938
14977,7210.92333984
14978,9353.80371094
14979,13707.3310547
14980,9316.203125
14981,6682.72558594
14982,7159.359375
14983,6496.84570312
14984,4472.32958984
14985,9843.53222656
14986,20295.9570312
14987,6452.08007812
14988,8031.56933594
14989,10019.7246094
14990,7891.24511719
14991,8805.98632812
14992,6923.51660156
14993,6649.54785156
14994,10623.4160156
14995,10602.5224609
14996,5570.38867188
14997,12761.5429688
14998,10124.6660156
14999,7137.27587891
15000,13809.9072266
15001,12399.5322266
15002,12240.6230469
15003,8910.19921875
15004,9324.30175781
15005,6429.39257812
15006,7867.84130859
15007,19602.9023438
15008,14672.5634766
15009,8814.96875
15010,8376.91894531
15011,6827.50976562
15012,7818.90136719
15013,6562.50195312
15014,12722.8125
15015,7365.99707031
15016,7133.67529297
15017,10698.9238281
15018,6967.60400391
15019,8964.80664062
15020,10817.4140625
15021,10250.3867188
15022,10355.5302734
15023,6376.15722656
15024,7241.93994141
15025,9633.84375
15026,12895.1972656
15027,11671.0527344
15028,9707.79003906
15029,7019.76806641
15030,10228.8330078
15031,8164.34570312
15032,6231.03955078
15033,10476.2412109
15034,9945.61230469
15035,9154.44921875
15036,9902.55566406
15037,9612.83300781
15038,8647.15820312
15039,8299.32421875
15040,9712.29980469
15041,8102.06201172
15042,10695.2109375
15043,12041.3798828
15044,7842.35302734
15045,6854.12451172
15046,17165.8964844
15047,8762.86328125
15048,4710.88964844
15049,11974.9306641
15050,11906.0888672
15051,16326.3828125
15052,6093.65136719
15053,9309.47070312
15054,8182.15087891
15055,10214.5986328
15056,8148.47509766
15057,14363.5498047
15058,4445.58056641
15059,9951.49511719
15060,9001.45996094
15061,7625.93994141
15062,7937.55566406
15063,8683.39941406
15064,13191.7207031
15065,7526.6953125
15066,11521.8525391
15067,11035.1445312
15068,13437.84375
15069,6663.86572266
15070,9676.41601562
15071,8588.61816406
15072,11278.8896484
15073,12533.3994141
15074,6449.7109375
15075,8708.43066406
15076,10298.4423828
15077,12083.6474609
15078,6893.30419922
15079,5294.90478516
15080,12557.5800781
15081,9877.62402344
15082,12895.6152344
15083,9036.15136719
15084,8066.95458984
15085,12488.3310547
15086,10345.2041016
15087,11144.8398438
15088,10177.9355469
15089,10222.5800781
15090,12347.6181641
15091,17019.4589844
15092,10165.1982422
15093,7038.25195312
15094,9340.9375
15095,6303.47265625
15096,4682.61621094
15097,12992.3642578
15098,7454.00976562
15099,13605.9589844
15100,7125.83496094
15101,8977.58203125
15102,8887.90234375
15103,14594.1142578
15104,6932.88037109
15105,7921.97509766
15106,9591.58691406
15107,10152.2441406
15108,7619.38134766
15109,10781.9492188
15110,9547.03808594
15111,10986.2802734
15112,10979.3886719
15113,9261.62011719
15114,7512.87402344
15115,7026.359375
15116,7111.77929688
15117,16701.5605469
15118,13396.5361328
15119,10353.0214844
15120,16290.1572266
15121,8117.89599609
15122,7219.51855469
15123,10582.7216797
15124,11872.2294922
15125,15213.09375
15126,10465.9736328
15127,11964.6445312
15128,12972.7636719
15129,10064.1748047
15130,9985.90429688
15131,8923.015625
15132,7673.35742188
15133,7514.62304688
15134,5695.47070312
15135,9183.15039062
15136,12445.0507812
15137,24405.1035156
15138,9642.57714844
15139,6536.50195312
15140,11585.9765625
15141,6153.95996094
15142,8474.07421875
15143,5354.265625
15144,13047.3134766
15145,8980.15039062
15146,8990.09960938
15147,21698.4355469
15148,13053.4111328
15149,8055.94384766
15150,9454.79101562
15151,5541.34277344
15152,6663.08398438
15153,7538.60791016
15154,11886.1074219
15155,7794.9765625
15156,6144.47558594
15157,8098.43066406
15158,7516.47949219
15159,11310.6474609
15160,11919.4492188
15161,4042.17993164
15162,10353.7919922
15163,12928.3486328
15164,11177.2421875
15165,9171.34277344
15166,7670.92822266
15167,11238.5908203
15168,6871.36572266
15169,14173.5644531
15170,6716.17041016
15171,8368.12695312
15172,10446.0087891
15173,8495.46386719
15174,6352.40429688
15175,8559.66796875
15176,11032.7236328
15177,13089.9277344
15178,14690.8925781
15179,7783.69140625
15180,5939.640625
15181,7643.48193359
15182,8576.81445312
15183,7081.21875
15184,9553.47753906
15185,8074.46728516
15186,15437.9199219
15187,12256.1484375
15188,8305.17578125
15189,10482.8369141
15190,7027.23046875
15191,13268.1601562
15192,8167.99023438
15193,15454.3457031
15194,9684.60546875
15195,7750.33251953
15196,8749.69238281
15197,5401.78271484
15198,9652.98339844
15199,23041.1640625
15200,7263.27392578
15201,6289.34082031
15202,14930.0146484
15203,10078.2949219
15204,10200.6953125
15205,12005.2802734
15206,10206.0585938
15207,6631.94580078
15208,6694.67480469
15209,13579.7460938
15210,9001.19335938
15211,9930.62695312
15212,10676.0507812
15213,5992.91162109
15214,9921.52929688
15215,8853.42578125
15216,5113.33544922
15217,12104.1914062
15218,12148.5087891
15219,6021.42333984
15220,11260.1552734
15221,9940.30175781
15222,6594.64111328
15223,13785.1025391
15224,9271.33398438
15225,10537.4384766
15226,7016.30761719
15227,7160.69140625
15228,8784.29394531
15229,5508.92626953
15230,10485.6269531
15231,7663.85595703
15232,8031.67675781
15233,6628.07568359
15234,8339.60253906
15235,7313.91796875
15236,8931.46289062
15237,10651.3359375
15238,12482.1748047
15239,9295.76269531
15240,11320.8359375
15241,7847.37402344
15242,12657.6484375
15243,12105.9335938
15244,9076.46484375
15245,4084.74755859
15246,7925.28564453
15247,10881.1972656
15248,5097.76660156
15249,14857.3574219
15250,7848.14501953
15251,9549.57910156
15252,15313.8730469
15253,8045.57714844
15254,7080.55712891
15255,14787.6494141
15256,14368.9902344
15257,7329.14160156
15258,12977.0585938
15259,13798.3867188
15260,8485.35742188
15261,7151.94775391
15262,10121.1220703
15263,8403.0625
15264,7314.68505859
15265,10006.4121094
15266,7067.78417969
15267,8429.64160156
15268,11984.5859375
15269,9937.609375
15270,14258.3447266
15271,8709.01953125
15272,10172.7929688
15273,6168.61669922
15274,10808.3388672
15275,10549.0332031
15276,8936.59277344
15277,8616.44921875
15278,10551.7802734
15279,13248.9013672
15280,9122.73144531
15281,7689.13134766
15282,9604.87011719
15283,9184.36816406
15284,11004.4550781
15285,5887.95458984
15286,6188.72460938
15287,10599.7929688
15288,7655.60107422
15289,8794.91503906
15290,12546.2910156
15291,7945.52441406
15292,10951.2763672
15293,7644.69970703
15294,4976.85253906
15295,10056.6230469
15296,9692.77441406
15297,11291.5693359
15298,12982.4560547
15299,12711.5078125
15300,6621.84472656
15301,12438.4658203
15302,5215.65917969
15303,4085.56591797
15304,11262.9804688
15305,15989.6162109
15306,9310.75878906
15307,10630.2470703
15308,8087.70117188
15309,10362.8212891
15310,14038.5195312
15311,10212.2988281
15312,11295.2314453
15313,7426.99951172
15314,6056.3984375
15315,7190.09326172
15316,7928.44580078
15317,7878.41503906
15318,8940.5390625
15319,8306.12695312
15320,5765.09277344
15321,9030.25
15322,11933.2138672
15323,7026.94921875
15324,8627.96289062
15325,11515.5478516
15326,8014.68066406
15327,7662.34326172
15328,14112.5283203
15329,11051.828125
15330,7738.25585938
15331,6410.65478516
15332,20215.6308594
15333,8771.16601562
15334,9447.91210938
15335,14054.1396484
15336,10879.0908203
15337,11813.7197266
15338,8533.03027344
15339,9777.17382812
15340,13852.4101562
15341,20439.546875
15342,9459.96777344
15343,8100.44677734
15344,7074.65039062
15345,9183.47460938
15346,7885.94042969
15347,9813.24414062
15348,13662.4726562
15349,7438.22900391
15350,6491.32666016
15351,9783.09667969
15352,11635.1542969
15353,7945.17578125
15354,11989.1474609
15355,5651.64160156
15356,10215.1835938
15357,10608.1972656
15358,10653.1445312
15359,13341.8867188
15360,9581.16308594
15361,6185.30175781
15362,8437.07324219
15363,11068.2001953
15364,12381.9121094
15365,11420.2490234
15366,11073.5107422
15367,9372.74414062
15368,6743.52197266
15369,13951.7734375
15370,5764.33935547
15371,13748.6269531
15372,7852.34570312
15373,6630.54785156
15374,11310.7119141
15375,8308.68554688
15376,10248.6367188
15377,10308.328125
15378,6379.34472656
15379,6992.04980469
15380,11981.0537109
15381,13324.7832031
15382,13101.28125
15383,7028.63818359
15384,8475.29492188
15385,10965.0507812
15386,9329.50585938
15387,8530.515625
15388,15353.4902344
15389,13045.0234375
15390,15082.2490234
15391,6359.58203125
15392,9207.98046875
15393,10270.8583984
15394,12167.0166016
15395,8878.33691406
15396,15912.1210938
15397,8722.87792969
15398,8435.42382812
15399,7767.87158203
15400,8449.41894531
15401,7546.21875
15402,10491.7792969
15403,7478.74267578
15404,8473.02441406
15405,14481.6259766
15406,8469.17089844
15407,26692.1777344
15408,9424.80078125
15409,3716.83984375
15410,3746.12084961
15411,3688.09765625
15412,3728.45922852
15413,4735.24023438
15414,4175.63476562
15415,6096.84326172
15416,4932.37109375
15417,3918.71166992
15418,3196.03125
15419,5429.18652344
15420,3885.7019043
15421,4108.18554688
15422,5223.25634766
15423,4310.54980469
15424,3497.52197266
15425,3687.29907227
15426,3878.56958008
15427,11057.8486328
15428,5674.26855469
15429,5854.51025391
15430,3812.71899414
15431,4225.18212891
15432,2255.90991211
15433,4524.25292969
15434,5038.21044922
15435,6774.83544922
15436,5973.64453125
15437,2744.93041992
15438,3802.02661133
15439,4327.21875
15440,6545.11083984
15441,3862.5456543
15442,5015.42529297
15443,4698.75
15444,4622.37207031
15445,2555.90966797
15446,5678.91455078
15447,3951.33862305
15448,5155.93603516
15449,4777.52490234
15450,2687.86523438
15451,6578.59570312
15452,4590.078125
15453,3894.12866211
15454,3504.55566406
15455,6816.8125
15456,7526.9609375
15457,5180.67871094
15458,4754.24902344
15459,7565.92285156
15460,6314.18408203
15461,5033.08056641
15462,4310.29101562
15463,2230.75341797
15464,2525.43774414
15465,4769.21533203
15466,4093.25854492
15467,3844.57714844
15468,6011.67871094
15469,3915.50585938
15470,7379.37255859
15471,6487.76757812
15472,3289.93652344
15473,2584.94335938
15474,11107.7509766
15475,3208.13378906
15476,3837.0078125
15477,5637.28808594
15478,3980.60498047
15479,5313.78710938
15480,2708.13110352
15481,4457.58935547
15482,3489.71679688
15483,4426.45019531
15484,6835.38720703
15485,6849.05322266
15486,5926.37011719
15487,3198.79467773
15488,6683.57324219
15489,9413.06835938
15490,4591.26025391
15491,2739.10083008
15492,5327.69824219
15493,5091.21582031
15494,4590.04736328
15495,6845.53320312
15496,2097.63891602
15497,6922.70410156
15498,3391.67626953
15499,5676.75878906
15500,4214.62353516
15501,2864.52294922
15502,4721.18212891
15503,4572.09619141
15504,5955.10400391
15505,6201.73095703
15506,3808.77856445
15507,4090.48730469
15508,5756.56445312
15509,5546.20751953
15510,4471.60449219
15511,4340.88623047
15512,3783.31860352
15513,5703.95703125
15514,4427.20605469
15515,2992.90820312
15516,5163.9140625
15517,3974.39404297
15518,7067.53466797
15519,5472.32861328
15520,5140.19775391
15521,3290.09985352
15522,4715.13769531
15523,3281.46118164
15524,3133.74072266
15525,4220.87548828
15526,6105.34570312
15527,4620.66601562
15528,6465.71972656
15529,5939.01708984
15530,3867.73681641
15531,4837.35791016
15532,6193.35449219
15533,4143.39306641
15534,2538.10668945
15535,4254.56835938
15536,4060.14550781
15537,4334.34082031
15538,3042.33837891
15539,3900.8918457
15540,5767.44091797
15541,5120.71582031
15542,5903.86914062
15543,2714.79052734
15544,5675.65478516
15545,6021.99755859
15546,2703.42504883
15547,5122.79199219
15548,3329.51635742
15549,4845.31445312
15550,3054.83544922
15551,3268.53930664
15552,3975.09936523
15553,4317.06787109
15554,5414.44238281
15555,6037.97558594
15556,11488.7363281
15557,4119.40478516
15558,3243.00292969
15559,10336.3964844
15560,5489.59716797
15561,7138.13378906
15562,6173.66699219
15563,4793.24511719
15564,4997.13574219
15565,3807.71069336
15566,4184.16748047
15567,8559.32617188
15568,2795.89794922
15569,2737.22119141
15570,2696.98632812
15571,5793.60351562
15572,6473.30322266
15573,5599.71533203
15574,5676.75878906
15575,4493.56982422
15576,2296.86157227
15577,1965.0982666
15578,3354.51782227
15579,4039.05029297
15580,5478.16748047
15581,4106.05810547
15582,3840.58935547
15583,6783.60302734
15584,4374.24707031
15585,6638.71777344
15586,4028.40722656
15587,5904.51708984
15588,8943.39648438
15589,3534.60498047
15590,6100.18212891
15591,3562.27709961
15592,5736.71142578
15593,2658.55078125
15594,5294.17724609
15595,4299.66748047
15596,5323.81689453
15597,5963.47167969
15598,4849.78564453
15599,6368.59033203
15600,3876.24316406
15601,5886.82568359
15602,20663.6953125
15603,5785.4140625
15604,3308.1081543
15605,2906.38305664
15606,5550.43066406
15607,6808.92333984
15608,3757.39404297
15609,15280.0410156
15610,28076.6445312
15611,4130.78857422
15612,2624.84155273
15613,10326.5625
15614,3259.50341797
15615,6223.91748047
15616,3087.33496094
15617,4418.88623047
15618,6297.35449219
15619,5230.56054688
15620,4390.76855469
15621,4086.27929688
15622,6008.97265625
15623,4674.85888672
15624,4566.88330078
15625,5757.04248047
15626,4488.26611328
15627,5108.38769531
15628,5822.41064453
15629,4634.21679688
15630,5041.57568359
15631,3730.2734375
15632,3779.01196289
15633,5337.07714844
15634,4030.82104492
15635,4339.07324219
15636,5268.75683594
15637,4555.37988281
15638,5628.28320312
15639,3616.46826172
15640,3795.31567383
15641,3292.05249023
15642,5334.04394531
15643,5647.31445312
15644,2550.10888672
15645,4719.88085938
15646,4704.64746094
15647,3599.02661133
15648,4910.07910156
15649,3399.89794922
15650,3017.90917969
15651,2388.47509766
15652,6358.85986328
15653,4959.88623047
15654,4762.25537109
15655,14693.6953125
15656,5555.60009766
15657,3123.89697266
15658,4791.94677734
15659,2484.33666992
15660,4332.33984375
15661,3906.08251953
15662,3337.80419922
15663,9089.58007812
15664,4180.54492188
15665,9197.47363281
15666,12393.7148438
15667,4127.47167969
15668,3940.43041992
15669,4217.33837891
15670,3976.17260742
15671,5035.65429688
15672,7835.82617188
15673,4796.04394531
15674,6323.79736328
15675,3039.31274414
15676,4248.97998047
15677,4615.19921875
15678,5110.29833984
15679,5765.4609375
15680,5033.74804688
15681,5884.47314453
15682,8322.62109375
15683,5345.49365234
15684,5809.06982422
15685,4931.05419922
15686,8565.00097656
15687,5498.00732422
15688,7276.53857422
15689,3079.09033203
15690,5394.52832031
15691,4252.04492188
15692,5497.34130859
15693,5714.32568359
15694,6687.66113281
15695,4699.79492188
15696,4557.08349609
15697,3670.42236328
15698,6112.79785156
15699,5792.26074219
15700,3170.14160156
15701,12926.3505859
15702,16960.3808594
15703,6016.47998047
15704,5908.35400391
15705,6637.9453125
15706,7650.91455078
15707,8198.0703125
15708,3385.93188477
15709,3827.43017578
15710,4746.2421875
15711,6543.59472656
15712,2525.98095703
15713,3501.89892578
15714,5198.51416016
15715,4440.39306641
15716,4105.18457031
15717,2869.17651367
15718,2921.10839844
15719,5711.19238281
15720,3316.19384766
15721,3522.01025391
15722,4921.01757812
15723,5186.06298828
15724,5774.41552734
15725,7151.53808594
15726,4475.62841797
15727,5665.03173828
15728,5437.00097656
15729,12087.6357422
15730,3759.29443359
15731,2659.11254883
15732,3762.61645508
15733,8831.02539062
15734,3555.20556641
15735,6177.31884766
15736,1914.24523926
15737,3396.93481445
15738,4820.25097656
15739,5818.35791016
15740,3619.39477539
15741,5377.84082031
15742,5903.49755859
15743,10131.4365234
15744,2189.70849609
15745,6097.40722656
15746,2121.54174805
15747,3241.38842773
15748,6543.77539062
15749,4238.3984375
15750,9854.70117188
15751,2555.26855469
15752,4058.05102539
15753,3015.62426758
15754,8784.55371094
15755,6325.87207031
15756,4731.68212891
15757,2630.12695312
15758,5113.140625
15759,6588.89453125
15760,3936.13256836
15761,3484.7734375
15762,7090.21435547
15763,5683.9921875
15764,2977.96166992
15765,4340.31494141
15766,6519.60302734
15767,3403.87329102
15768,10455.5078125
15769,6865.10986328
15770,13249.1796875
15771,5782.46240234
15772,4548.51074219
15773,2280.71533203
15774,5953.27587891
15775,4932.16943359
15776,3557.13916016
15777,5925.15478516
15778,4009.27368164
15779,2858.93041992
15780,5590.41845703
15781,3155.4296875
15782,6466.58300781
15783,6336.43994141
15784,7355.78173828
15785,5319.46679688
15786,3736.42749023
15787,5854.1640625
15788,5798.50195312
15789,4627.56054688
15790,4968.26269531
15791,2780.6574707
15792,10409.796875
15793,6479.18994141
15794,3320.51782227
15795,4472.7734375
15796,5042.88427734
15797,4848.06542969
15798,3586.06884766
15799,3394.5378418
15800,4945.72753906
15801,7302.03369141
15802,4172.97900391
15803,5968.48486328
15804,4433.46923828
15805,2754.62109375
15806,4825.50439453
15807,5351.20751953
15808,2961.87426758
15809,4410.41748047
15810,5864.37988281
15811,2719.87695312
15812,8921.50097656
15813,6512.28125
15814,5885.41650391
15815,5182.31933594
15816,3743.78076172
15817,9822.64648438
15818,4802.46240234
15819,6052.95654297
15820,3886.36914062
15821,3587.75219727
15822,4520.8359375
15823,2207.7199707
15824,11017.5498047
15825,5235.21777344
15826,5379.23144531
15827,3990.74121094
15828,1476.10876465
15829,6679.20751953
15830,5010.68652344
15831,3122.39526367
15832,3458.88745117
15833,4520.48242188
15834,5843.20703125
15835,3615.72998047
15836,7892.96875
15837,3924.93310547
15838,3659.71704102
15839,3438.4675293
15840,2869.46142578
15841,4310.36083984
15842,20471.8535156
15843,4093.10205078
15844,4324.61474609
15845,4084.06982422
15846,3688.82568359
15847,3726.32568359
15848,4514.99658203
15849,2931.66113281
15850,7858.15234375
15851,4750.90820312
15852,2540.01416016
15853,5761.38720703
15854,2240.453125
15855,3948.93457031
15856,6693.34033203
15857,5068.67431641
15858,9502.62402344
15859,2547.98120117
15860,4148.90673828
15861,3769.34155273
15862,4475.30419922
15863,14858.8310547
15864,7035.37255859
15865,3381.26123047
15866,2510.6237793
15867,3994.984375
15868,3890.03369141
15869,2540.06518555
15870,6515.58056641
15871,4669.8984375
15872,4890.53125
15873,5631.90283203
15874,4075.30566406
15875,5091.66259766
15876,6026.97412109
15877,5660.06835938
15878,5675.96289062
15879,2601.26708984
15880,4829.62158203
15881,5163.76171875
15882,7391.44580078
15883,3377.37011719
15884,5426.18310547
15885,2182.8425293
15886,6582.59375
15887,4817.09326172
15888,2659.15209961
15889,4040.75708008
15890,3218.38720703
15891,4448.76220703
15892,5199.08398438
15893,4170.19775391
15894,5367.08496094
15895,4711.34375
15896,6771.88916016
15897,6072.09716797
15898,5490.64404297
15899,4726.44091797
15900,5065.41699219
15901,2298.99584961
15902,9042.31640625
15903,3453.71118164
15904,3388.00268555
15905,5640.32177734
15906,5999.64355469
15907,9956.51757812
15908,4121.28320312
15909,3444.78735352
15910,5056.04736328
15911,6215.00146484
15912,3739.59033203
15913,6363.91455078
15914,2816.40185547
15915,4115.52832031
15916,3216.38305664
15917,3180.31005859
15918,2610.81445312
15919,5373.56445312
15920,4800.09033203
15921,4980.10058594
15922,5449.93505859
15923,6282.65576172
15924,4848.18066406
15925,3496.04418945
15926,4713.94189453
15927,3904.42089844
15928,5486.4921875
15929,5224.34277344
15930,2054.53100586
15931,12504.8505859
15932,5261.98144531
15933,5950.30078125
15934,5783.17919922
15935,2748.90332031
15936,8332.71679688
15937,2734.90209961
15938,5639.36962891
15939,4128.87402344
15940,4498.93066406
15941,5604.41748047
15942,3745.14160156
15943,4061.78417969
15944,5851.42822266
15945,2655.47851562
15946,6413.02734375
15947,8861.84765625
15948,4696.58154297
15949,2243.77856445
15950,4606.75048828
15951,3470.33618164
15952,2111.37939453
15953,4627.44091797
15954,5499.84326172
15955,3497.92919922
15956,4091.28710938
15957,4478.49853516
15958,4307.22900391
15959,9326.72070312
15960,3972.03271484
15961,4890.92285156
15962,3720.82348633
15963,4897.64550781
15964,4854.85888672
15965,4601.78710938
15966,6319.76318359
15967,8179.05322266
15968,6299.84814453
15969,4773.06982422
15970,3397.27172852
15971,2594.3996582
15972,4113.20458984
15973,7727.75244141
15974,4244.7421875
15975,4047.09130859
15976,16269.2128906
15977,3096.25708008
15978,3430.87573242
15979,4446.30957031
15980,4775.94824219
15981,5830.546875
15982,6390.37988281
15983,6272.66796875
15984,5657.81738281
15985,6468.14355469
15986,5462.73779297
15987,4462.56640625
15988,2165.90185547
15989,3771.38818359
15990,2893.93676758
15991,2901.8737793
15992,4335.87060547
15993,16145.4140625
15994,4030.33666992
15995,2199.00097656
15996,4327.52392578
15997,3991.51025391
15998,3747.9362793
15999,1708.5222168
16000,3252.44311523
16001,5109.56689453
16002,2558.26147461
16003,11652.734375
16004,11684.0175781
16005,2758.86572266
16006,3931.29199219
16007,3694.55200195
16008,3862.53076172
16009,4001.22753906
16010,5026.98681641
16011,3569.20947266
16012,3790.72070312
16013,4575.33740234
16014,3765.11181641
16015,4660.81152344
16016,6549.47607422
16017,2727.71289062
16018,6550.35742188
16019,6252.71679688
16020,3677.59301758
16021,2750.19116211
16022,3679.94433594
16023,3505.53198242
16024,3926.70825195
16025,6764.45898438
16026,3903.31860352
16027,2613.16674805
16028,5268.94775391
16029,4811.81640625
16030,3767.13452148
16031,3882.93798828
16032,5623.73242188
16033,7963.93115234
16034,3927.44995117
16035,4665.50390625
16036,3699.51416016
16037,3928.72021484
16038,5355.79833984
16039,3570.19335938
16040,4742.80712891
16041,4236.57128906
16042,9225.42089844
16043,6811.90478516
16044,2931.58984375
16045,4876.10058594
16046,4396.19140625
16047,3695.28857422
16048,5359.89697266
16049,10441.0087891
16050,6202.21630859
16051,4284.04492188
16052,4154.22900391
16053,1788.78283691
16054,3942.02441406
16055,18562.2207031
16056,2305.89672852
16057,3863.14990234
16058,4313.77929688
16059,6399.31591797
16060,4673.70849609
16061,6015.36132812
16062,5418.18261719
16063,4484.11083984
16064,2562.96044922
16065,5336.9140625
16066,3797.24951172
16067,6389.15478516
16068,7464.64599609
16069,3383.7199707
16070,6152.19921875
16071,5644.70263672
16072,3552.18188477
16073,4968.42382812
16074,2796.87988281
16075,2827.76489258
16076,7397.62402344
16077,5210.47802734
16078,2398.00073242
16079,6292.29931641
16080,6324.94921875
16081,3634.86816406
16082,4503.88134766
16083,2730.81396484
16084,4073.62670898
16085,3005.82446289
16086,4715.88037109
16087,2789.53857422
16088,4888.23193359
16089,2565.38818359
16090,4111.18017578
16091,5599.57128906
16092,3078.30908203
16093,5020.18310547
16094,6800.46630859
16095,5124.39501953
16096,7392.55957031
16097,4919.33300781
16098,4692.15283203
16099,5102.58300781
16100,6279.43847656
16101,3725.77124023
16102,4589.95117188
16103,4265.55273438
16104,3596.19848633
16105,8933.22558594
16106,4583.32275391
16107,5189.94726562
16108,9020.6171875
16109,5669.83203125
16110,1917.17614746
16111,7769.85742188
16112,6005.51171875
16113,5726.07226562
16114,6245.79052734
16115,5946.45947266
16116,6406.76660156
16117,4760.72900391
16118,3901.18945312
16119,3422.1875
16120,4928.31298828
16121,6329.46337891
16122,2391.59765625
16123,8504.39746094
16124,5510.89160156
16125,5132.81933594
16126,5687.41992188
16127,4113.50292969
16128,7848.38427734
16129,2505.46020508
16130,4164.671875
16131,4172.35791016
16132,2680.3762207
16133,5092.24560547
16134,5750.62109375
16135,5961.41259766
16136,5686.87207031
16137,3573.56323242
16138,4929.92089844
16139,4978.04931641
16140,8958.89160156
16141,2429.92211914
16142,2635.04833984
16143,8049.17724609
16144,10934.8476562
16145,3765.81591797
16146,6195.00292969
16147,5247.25146484
16148,5954.71826172
16149,3408.80932617
16150,1779.71948242
16151,5817.17578125
16152,5008.11083984
16153,5609.65869141
16154,8654.28710938
16155,4392.51953125
16156,3161.61865234
16157,3412.04956055
16158,2810.9152832
16159,1064.34094238
16160,5417.68115234
16161,9846.56542969
16162,4408.76416016
16163,3863.87939453
16164,3052.55737305
16165,4645.29052734
16166,8153.89453125
16167,5969.60644531
16168,5887.45410156
16169,4463.63085938
16170,4624.70068359
16171,2998.08911133
16172,5637.32568359
16173,3243.18237305
16174,2503.74438477
16175,3372.71118164
16176,3536.48339844
16177,4877.18896484
16178,3750.56176758
16179,3976.93139648
16180,5263.93945312
16181,6627.47509766
16182,4958.41992188
16183,3642.86572266
16184,6250.50488281
16185,5595.36376953
16186,4915.73486328
16187,2123.05834961
16188,5187.98242188
16189,4559.02246094
16190,3968.3972168
16191,5404.72070312
16192,7241.17333984
16193,5181.26660156
16194,5981.07373047
16195,5475.37792969
16196,6707.45117188
16197,11234.4423828
16198,3586.33886719
16199,3002.49707031
16200,3161.90234375
16201,4675.10888672
16202,4849.71630859
16203,5546.74707031
16204,4474.68115234
16205,5363.31835938
16206,2950.10375977
16207,6018.52929688
16208,5010.45214844
16209,3300.45458984
16210,5693.93359375
16211,3271.92114258
16212,5975.48583984
16213,5639.91796875
16214,4186.31542969
16215,5698.12207031
16216,3073.29736328
16217,3587.99536133
16218,5582.47363281
16219,4238.25244141
16220,8394.68261719
16221,4484.80859375
16222,6486.66601562
16223,5010.46191406
16224,3101.51928711
16225,6219.31835938
16226,3050.08300781
16227,8878.44628906
16228,4202.64013672
16229,3651.56713867
16230,6253.26513672
16231,4748.16210938
16232,2888.3762207
16233,4634.99511719
16234,3337.53344727
16235,3041.31689453
16236,4746.64550781
16237,3702.53613281
16238,6353.93701172
16239,4240.55371094
16240,5236.04638672
16241,3424.43432617
16242,5447.02978516
16243,2718.50854492
16244,9780.83984375
16245,4510.80810547
16246,11292.2050781
16247,4842.82421875
16248,4953.84375
16249,12981.2421875
16250,5650.15380859
16251,2840.64038086
16252,7568.62158203
16253,5268.79199219
16254,4162.68603516
16255,4932.33837891
16256,4545.00195312
16257,2609.58691406
16258,4638.82519531
16259,2699.64941406
16260,2656.78735352
16261,5662.44433594
16262,4700.34179688
16263,24333.1015625
16264,6742.96923828
16265,4257.89794922
16266,4284.64990234
16267,6864.71044922
16268,3865.54589844
16269,6374.18066406
16270,4709.25878906
16271,6258.70751953
16272,6657.42382812
16273,4595.88330078
16274,3365.79467773
16275,6535.02441406
16276,5185.51855469
16277,4789.2734375
16278,6236.57519531
16279,5578.56640625
16280,3458.28051758
16281,4560.89306641
16282,7787.93164062
16283,9060.40234375
16284,7150.48095703
16285,7657.90869141
16286,3670.94775391
16287,5900.21582031
16288,2225.97729492
16289,8346.15917969
16290,8213.33984375
16291,10098.1064453
16292,6560.51806641
16293,2852.48046875
16294,4277.95214844
16295,5808.87011719
16296,8228.97558594
16297,4178.47216797
16298,5849.64257812
16299,5169.24658203
16300,6080.23974609
16301,2649.66943359
16302,7753.65234375
16303,4510.40771484
16304,7695.90332031
16305,6374.10205078
16306,3820.79101562
16307,8379.94824219
16308,6570.06738281
16309,4697.98828125
16310,3718.75854492
16311,8489.84179688
16312,10528.8300781
16313,6099.03027344
16314,5705.73681641
16315,8950.26660156
16316,7228.08300781
16317,5798.00927734
16318,6546.17236328
16319,2295.47705078
16320,2788.12573242
16321,4776.32177734
16322,6609.89306641
16323,8357.23925781
16324,7323.04833984
16325,4195.97851562
16326,8539.30761719
16327,8064.99267578
16328,5203.30615234
16329,2751.71850586
16330,11069.9951172
16331,3382.97094727
16332,4341.36621094
16333,7307.82324219
16334,4132.05322266
16335,5866.58447266
16336,2954.57055664
16337,5920.99072266
16338,5304.56982422
16339,6033.04199219
16340,7452.23974609
16341,8203.24121094
16342,6043.10351562
16343,3444.18286133
16344,7956.26269531
16345,12643.0732422
16346,5932.85693359
16347,3248.57641602
16348,6374.31494141
16349,5482.34423828
16350,6710.95166016
16351,9592.56640625
16352,2038.44836426
16353,8683.54003906
16354,4851.64111328
16355,6104.65234375
16356,8013.25097656
16357,2774.83129883
16358,4894.01269531
16359,5319.52783203
16360,7424.17333984
16361,7417.35742188
16362,4154.82714844
16363,4588.18701172
16364,7370.28417969
16365,6229.06640625
16366,5178.52441406
16367,5744.45361328
16368,4186.58740234
16369,6756.01855469
16370,4791.50390625
16371,3057.53808594
16372,5557.15332031
16373,5904.28564453
16374,6953.50292969
16375,7261.6875
16376,8365.796875
16377,4178.17724609
16378,8679.65625
16379,3350.04711914
16380,3380.98364258
16381,7580.70849609
16382,6931.63085938
16383,7163.07568359
16384,9263.06054688
16385,6735.40332031
16386,5077.24414062
16387,6990.37646484
16388,6929.71972656
16389,4362.12207031
16390,2722.86401367
16391,5194.64746094
16392,4750.5
16393,4881.34082031
16394,3235.4753418
16395,5739.15722656
16396,6763.00097656
16397,6146.50390625
16398,6234.70166016
16399,2765.0144043
16400,6861.4375
16401,7623.25634766
16402,3430.16259766
16403,5900.73339844
16404,3414.72607422
16405,5844.48925781
16406,3351.06347656
16407,4416.11328125
16408,5225.75341797
16409,7131.13134766
16410,6424.99755859
16411,6986.98291016
16412,14339.3232422
16413,4025.53393555
16414,4734.20166016
16415,10737.4228516
16416,6174.39697266
16417,8517.95410156
16418,6623.37402344
16419,5696.72021484
16420,6061.99316406
16421,4382.15722656
16422,5286.30566406
16423,8384.20898438
16424,5415.45410156
16425,2900.26196289
16426,3653.68579102
16427,7691.22900391
16428,9842.63085938
16429,6502.46240234
16430,6591.49707031
16431,4672.75488281
16432,2381.64038086
16433,1897.5111084
16434,3531.33569336
16435,6121.67285156
16436,7092.0
16437,4844.20996094
16438,4086.75073242
16439,8121.44238281
16440,7859.65869141
16441,8215.97265625
16442,5356.58984375
16443,8600.13476562
16444,9535.09960938
16445,3647.82470703
16446,5765.14208984
16447,5511.328125
16448,6928.70898438
16449,2886.21801758
16450,5641.67236328
16451,4923.13476562
16452,8298.01855469
16453,6512.06396484
16454,7206.859375
16455,7564.16210938
16456,5260.90283203
16457,8185.78759766
16458,18163.5839844
16459,8615.93164062
16460,3809.46533203
16461,3438.41162109
16462,6526.57714844
16463,7716.24121094
16464,4432.47949219
16465,9407.40429688
16466,18452.3105469
16467,5075.75732422
16468,2589.1809082
16469,12077.7822266
16470,3383.3972168
16471,5763.82226562
16472,3476.67822266
16473,6294.35839844
16474,4267.07080078
16475,6611.11669922
16476,5207.87939453
16477,5653.77148438
16478,9964.25976562
16479,6130.93457031
16480,6277.45654297
16481,7163.28759766
16482,5511.48583984
16483,6227.33203125
16484,9075.44335938
16485,5250.02001953
16486,5427.20800781
16487,4121.95166016
16488,3540.07495117
16489,5644.73486328
16490,4610.98828125
16491,4883.32910156
16492,7681.22216797
16493,8744.77832031
16494,7654.33740234
16495,4461.82617188
16496,4345.58447266
16497,4219.94580078
16498,5338.35546875
16499,6749.95751953
16500,2798.06762695
16501,6955.82421875
16502,5354.24511719
16503,8833.13964844
16504,5770.43457031
16505,3899.74951172
16506,3264.97412109
16507,2896.5703125
16508,8700.46875
16509,5869.20947266
16510,6440.44677734
16511,13400.2041016
16512,7425.00927734
16513,4407.79345703
16514,5739.58447266
16515,2590.89575195
16516,4411.1875
16517,4296.39160156
16518,3905.09887695
16519,9215.59765625
16520,4902.14648438
16521,9574.11132812
16522,10987.0146484
16523,5452.9609375
16524,5210.82568359
16525,4761.01074219
16526,5341.49267578
16527,4940.69677734
16528,11060.9501953
16529,5994.82128906
16530,7839.04052734
16531,3267.07421875
16532,5661.23974609
16533,5938.58105469
16534,8247.37792969
16535,6571.68457031
16536,5624.97216797
16537,7023.59228516
16538,5049.43945312
16539,8334.77539062
16540,7269.16455078
16541,6357.21630859
16542,9301.89941406
16543,7265.89306641
16544,8695.27539062
16545,3572.55444336
16546,5640.62255859
16547,5220.60205078
16548,9050.98828125
16549,7100.46728516
16550,7313.86914062
16551,5857.90625
16552,8203.66308594
16553,4633.43457031
16554,7253.64355469
16555,6671.33203125
16556,3261.05224609
16557,12737.8066406
16558,15869.9580078
16559,7177.34179688
16560,6655.47412109
16561,7729.80224609
16562,8418.50488281
16563,8364.17675781
16564,3195.2019043
16565,4498.02099609
16566,6131.85888672
16567,8390.02441406
16568,2580.46484375
16569,3967.37890625
16570,5663.96240234
16571,5235.25244141
16572,4773.18847656
16573,3112.39111328
16574,3011.82641602
16575,7516.87353516
16576,3541.91577148
16577,4673.45019531
16578,5654.93652344
16579,5401.78808594
16580,9132.15039062
16581,11103.6416016
16582,5369.30712891
16583,7184.47167969
16584,6701.43408203
16585,10981.9853516
16586,5015.18603516
16587,2831.89111328
16588,5336.34375
16589,14355.7294922
16590,4160.15332031
16591,7655.57861328
16592,2044.20092773
16593,3698.29321289
16594,6422.12353516
16595,6646.46630859
16596,4960.54443359
16597,8685.859375
16598,9245.30175781
16599,8425.94335938
16600,4238.38183594
16601,10526.1386719
16602,2048.16430664
16603,3689.91357422
16604,6818.23583984
16605,4746.13818359
16606,10221.8691406
16607,2591.08007812
16608,5181.25195312
16609,5596.11132812
16610,8106.3828125
16611,9800.44921875
16612,5190.94775391
16613,3170.84912109
16614,9167.30273438
16615,9322.22070312
16616,4531.38330078
16617,5294.99560547
16618,8444.06933594
16619,6495.22851562
16620,4700.19775391
16621,3558.14038086
16622,7565.38134766
16623,4314.81591797
16624,11879.0019531
16625,8509.60644531
16626,14175.1054688
16627,6628.96679688
16628,5176.80078125
16629,2170.2800293
16630,6254.32177734
16631,5822.91601562
16632,4945.15673828
16633,9581.0625
16634,5917.82910156
16635,2862.33764648
16636,7410.71044922
16637,3671.0246582
16638,8753.5234375
16639,7482.86669922
16640,7070.58251953
16641,8654.45996094
16642,4641.48974609
16643,7200.24267578
16644,7374.63671875
16645,5467.45019531
16646,6521.46875
16647,3238.57568359
16648,8925.34765625
16649,6490.83105469
16650,3507.7565918
16651,5043.2734375
16652,8151.43701172
16653,6136.99609375
16654,3867.67407227
16655,5325.10205078
16656,5490.07861328
16657,5138.63378906
16658,5222.10058594
16659,9946.42773438
16660,4692.86474609
16661,3586.79736328
16662,6323.48339844
16663,6164.86425781
16664,3294.49682617
16665,5265.86816406
16666,8837.44628906
16667,7571.06201172
16668,10400.4570312
16669,8856.44824219
16670,7949.65576172
16671,6481.79882812
16672,4387.24316406
16673,10570.8789062
16674,8038.76611328
16675,7179.97119141
16676,5230.09179688
16677,5775.81982422
16678,4942.18603516
16679,2196.87866211
16680,12123.53125
16681,6664.87646484
16682,6355.22216797
16683,4646.69091797
16684,1379.57873535
16685,8373.44433594
16686,6219.52636719
16687,4126.81445312
16688,3926.38256836
16689,5576.34814453
16690,6271.33447266
16691,3892.48730469
16692,9746.04882812
16693,4792.796875
16694,4813.34960938
16695,3475.92553711
16696,2819.23120117
16697,4865.49804688
16698,13277.7421875
16699,3961.81567383
16700,5700.29150391
16701,4988.6015625
16702,3956.57348633
16703,3572.2512207
16704,5874.92236328
16705,2813.70019531
16706,9304.171875
16707,6031.62646484
16708,2643.78735352
16709,8189.62304688
16710,2473.79418945
16711,4349.18408203
16712,10100.6582031
16713,7802.77978516
16714,9209.05175781
16715,2465.48388672
16716,4616.15478516
16717,4841.35986328
16718,4711.21777344
16719,15339.0888672
16720,10830.96875
16721,5458.25878906
16722,2867.921875
16723,5527.18457031
16724,4533.25537109
16725,2510.79516602
16726,7939.91064453
16727,4965.39599609
16728,5763.32226562
16729,7420.78222656
16730,4889.78466797
16731,5223.18652344
16732,6408.41699219
16733,6288.11767578
16734,6671.33837891
16735,2726.63598633
16736,5683.45556641
16737,7006.29638672
16738,7401.44970703
16739,5858.33105469
16740,6926.87841797
16741,2357.19897461
16742,9226.546875
16743,5158.87792969
16744,2980.99145508
16745,4622.49951172
16746,4318.6328125
16747,4648.08691406
16748,6681.31738281
16749,4352.61230469
16750,6044.11230469
16751,5196.1640625
16752,8370.46582031
16753,7717.97753906
16754,5768.50830078
16755,7510.21630859
16756,6192.25585938
16757,2485.26953125
16758,11207.5380859
16759,3869.27563477
16760,3393.03222656
16761,6833.7578125
16762,10021.4355469
16763,10254.7285156
16764,4331.22460938
16765,4853.63183594
16766,6500.16162109
16767,7046.56738281
16768,4522.85009766
16769,8652.7265625
16770,2925.94189453
16771,4679.54345703
16772,3756.87817383
16773,3285.00976562
16774,2796.87573242
16775,6847.96240234
16776,6593.12548828
16777,6080.51220703
16778,5031.94775391
16779,7855.99365234
16780,8154.54785156
16781,4795.20703125
16782,5442.75048828
16783,5369.53759766
16784,7022.47363281
16785,5664.07568359
16786,2075.9375
16787,6436.60839844
16788,6029.44042969
16789,6892.52832031
16790,6155.38623047
16791,2897.13964844
16792,10159.4306641
16793,2798.83911133
16794,9065.58886719
16795,4946.09082031
16796,4522.25927734
16797,7891.35742188
16798,3774.14135742
16799,4410.78320312
16800,8802.86230469
16801,2854.20092773
16802,7415.66699219
16803,10142.8945312
16804,6308.67529297
16805,2381.62792969
16806,5282.02099609
16807,3562.60668945
16808,2111.39550781
16809,5107.78369141
16810,6425.11376953
16811,5167.68359375
16812,4885.54248047
16813,5154.63769531
16814,4688.85058594
16815,9445.76855469
16816,5114.86767578
16817,6018.72412109
16818,4422.80761719
16819,5591.21826172
16820,6020.94677734
16821,6507.44433594
16822,8477.640625
16823,7698.31835938
16824,7993.09912109
16825,5801.89306641
16826,5570.47900391
16827,2809.26635742
16828,5604.46533203
16829,8991.70410156
16830,6335.70898438
16831,7183.01220703
16832,14123.0166016
16833,3151.75634766
16834,4610.8125
16835,4376.15039062
16836,8194.27929688
16837,9633.76074219
16838,7329.78466797
16839,7895.18212891
16840,8181.33105469
16841,8036.44287109
16842,6536.19628906
16843,5358.20458984
16844,2221.41259766
16845,4762.80078125
16846,2995.55883789
16847,3185.06176758
16848,7372.47070312
16849,17433.2265625
16850,5283.87060547
16851,2952.45751953
16852,4782.37597656
16853,4508.96679688
16854,5963.36328125
16855,1927.04309082
16856,6118.17041016
16857,6730.4453125
16858,3636.20703125
16859,11801.6025391
16860,11122.8261719
16861,3238.58203125
16862,5320.33447266
16863,4186.40332031
16864,3816.89306641
16865,4337.14453125
16866,7940.52441406
16867,3943.1262207
16868,4578.93994141
16869,4810.00830078
16870,4773.24755859
16871,5277.08105469
16872,7767.28710938
16873,3275.58129883
16874,8225.16210938
16875,7177.62939453
16876,4635.68457031
16877,4139.24511719
16878,4239.14257812
16879,4690.89501953
16880,4695.51513672
16881,10053.6982422
16882,4555.92285156
16883,4184.98974609
16884,6857.94335938
16885,5261.28417969
16886,5615.43505859
16887,4766.81787109
16888,6020.24609375
16889,10019.0751953
16890,6901.45556641
16891,6002.28808594
16892,3901.37548828
16893,4622.97167969
16894,6116.18066406
16895,4001.76928711
16896,4830.16503906
16897,5161.89501953
16898,11540.6591797
16899,8417.84667969
16900,4610.64501953
16901,5985.62841797
16902,4998.27539062
16903,6909.51123047
16904,5636.70214844
16905,9455.50292969
16906,6659.67822266
16907,5263.24658203
16908,4254.65820312
16909,1949.4473877
16910,3973.8671875
16911,19585.484375
16912,2256.2878418
16913,4956.19726562
16914,6535.84716797
16915,7317.78369141
16916,6014.32324219
16917,8659.83496094
16918,5980.13232422
16919,6096.65722656
16920,2577.05371094
16921,7699.79443359
16922,4063.31884766
16923,7029.04785156
16924,9486.56738281
16925,4018.47070312
16926,8264.828125
16927,7132.04980469
16928,3502.89794922
16929,6749.92529297
16930,7015.296875
16931,2930.78027344
16932,9155.20996094
16933,6148.63232422
16934,4910.24707031
16935,8803.33300781
16936,8115.79785156
16937,6358.73876953
16938,4708.68798828
16939,3699.23168945
16940,5690.03515625
16941,3408.58496094
16942,6184.31103516
16943,2666.75073242
16944,5342.10449219
16945,2823.10961914
16946,5454.66748047
16947,5665.78320312
16948,4475.63720703
16949,5398.95507812
16950,9674.0625
16951,5621.57666016
16952,8055.80517578
16953,5587.55078125
16954,6005.38574219
16955,9090.04882812
16956,7578.23681641
16957,4004.84741211
16958,5318.33007812
16959,5250.92626953
16960,4004.36230469
16961,11595.2949219
16962,6108.23486328
16963,5017.32519531
16964,8946.109375
16965,6876.55859375
16966,1968.63391113
16967,10730.921875
16968,8733.63476562
16969,7169.41894531
16970,7722.24121094
16971,7444.11962891
16972,8526.35058594
16973,5010.53808594
16974,4148.59765625
16975,3532.15112305
16976,5891.85888672
16977,8112.16845703
16978,2697.57958984
16979,8207.27148438
16980,7274.95605469
16981,5016.29150391
16982,7805.00488281
16983,5020.57080078
16984,7885.203125
16985,3480.23535156
16986,5051.04882812
16987,5057.55224609
16988,4113.20458984
16989,6042.10058594
16990,6777.78271484
16991,8168.83984375
16992,6332.33740234
16993,4233.58984375
16994,6142.91699219
16995,6827.32080078
16996,7911.52490234
16997,3065.66333008
16998,2748.34985352
16999,9071.06347656
17000,6274.49316406
17001,4137.96630859
17002,7727.17773438
17003,6759.28613281
17004,6390.93457031
17005,4959.03515625
17006,1545.93847656
17007,6138.12548828
17008,6375.78027344
17009,5540.68164062
17010,8559.70117188
17011,6636.90722656
17012,3462.76342773
17013,5791.14501953
17014,3272.40820312
17015,1013.20129395
17016,6218.33398438
17017,9578.43164062
17018,5712.89257812
17019,4177.44775391
17020,3247.99072266
17021,5130.41113281
17022,7580.84619141
17023,6421.36425781
17024,8719.16796875
17025,4239.43310547
17026,4829.78710938
17027,3356.20141602
17028,6505.31005859
17029,3152.69458008
17030,2727.59057617
17031,4309.546875
17032,3824.32446289
17033,6818.09960938
17034,4434.62353516
17035,5506.95605469
17036,5274.27783203
17037,8673.29296875
17038,5375.53320312
17039,4152.61621094
17040,10964.8945312
17041,6922.25488281
17042,6521.98535156
17043,2031.64868164
17044,4861.26269531
17045,5543.62158203
17046,4662.75
17047,8555.29394531
17048,8438.77148438
17049,6714.19824219
17050,7210.39355469
17051,6373.32373047
17052,7869.02734375
17053,11518.7099609
17054,3626.95703125
17055,4099.42041016
17056,4791.14257812
17057,5724.81103516
17058,5864.17285156
17059,7860.62548828
17060,6732.37841797
17061,6334.5546875
17062,2717.27172852
17063,6326.27636719
17064,7417.14550781
17065,3352.27856445
17066,7103.47460938
17067,3326.30395508
17068,6873.69970703
17069,6037.2265625
17070,5192.01220703
17071,6565.41943359
17072,4095.95751953
17073,4660.00683594
17074,7011.62451172
17075,5283.17480469
17076,9254.03613281
17077,5844.58398438
17078,8723.86816406
17079,5525.67236328
17080,3593.29052734
17081,8681.80078125
17082,3062.76660156
17083,9255.14746094
17084,5590.14111328
17085,4669.74267578
17086,7812.14746094
17087,4868.55322266
17088,3428.17016602
17089,6020.73974609
17090,3650.19873047
17091,3021.39208984
17092,5670.26513672
17093,5911.31298828
17094,9667.7265625
17095,5493.50976562
17096,5551.42578125
17097,3374.3203125
17098,6354.828125
17099,3085.15332031
17100,10503.6738281
17101,7379.47070312
17102,12951.796875
17103,5708.71435547
17104,5385.81835938
17105,7855.65625
17106,7260.03222656
17107,2949.91772461
17108,8905.81542969
17109,6450.41845703
17110,5265.89794922
17111,5862.94287109
17112,4924.79736328
17113,3004.66601562
17114,5605.90380859
17115,3586.79052734
17116,2632.86108398
17117,7588.73876953
17118,5893.56738281
17119,23594.2304688
17120,7836.59570312
17121,3900.86181641
17122,6234.27978516
17123,9480.58007812
17124,5254.33300781
17125,6285.92285156
17126,5262.02197266
17127,6845.45458984
17128,6158.24023438
17129,4089.75366211
17130,4995.515625
17131,6437.96533203
17132,6746.67480469
17133,6790.35498047
17134,7320.10107422
17135,4646.29589844
17136,4138.73583984
17137,4746.22900391
17138,9051.36816406
17139,9849.68359375
17140,8005.61962891
17141,6881.56494141
17142,3587.16015625
17143,5620.69775391
17144,3334.82495117
17145,7577.21728516
17146,8820.36035156
17147,8616.27734375
17148,5054.21972656
17149,4082.07519531
17150,3846.37475586
17151,5719.39160156
17152,9175.21875
17153,5624.39794922
17154,4579.12304688
17155,4560.86669922
17156,6805.25488281
17157,3283.99462891
17158,6636.15380859
17159,3596.7578125
17160,6163.84667969
17161,5744.85351562
17162,5049.01123047
17163,7393.81494141
17164,5796.43896484
17165,4307.00732422
17166,6159.36816406
17167,6880.97460938
17168,9889.93554688
17169,5715.97705078
17170,6350.99267578
17171,7568.88916016
17172,8177.85205078
17173,6009.72363281
17174,7877.37792969
17175,3323.67114258
17176,4050.24707031
17177,5372.29345703
17178,6369.89013672
17179,8638.82421875
17180,6575.67236328
17181,4711.41992188
17182,6841.36230469
17183,6029.36572266
17184,7770.17626953
17185,3379.99047852
17186,11565.3417969
17187,3759.10424805
17188,5481.60693359
17189,7613.79541016
17190,4075.62475586
17191,5305.68847656
17192,5622.78369141
17193,6389.57519531
17194,5151.44775391
17195,4929.77978516
17196,6902.66015625
17197,7563.99609375
17198,6190.61962891
17199,4195.71044922
17200,6934.32861328
17201,11128.7373047
17202,6187.921875
17203,4423.63867188
17204,5899.85595703
17205,5692.00585938
17206,5983.5390625
17207,6952.40869141
17208,3412.63574219
17209,7003.23632812
17210,5100.52929688
17211,6280.84619141
17212,8088.64990234
17213,5016.11425781
17214,4960.76171875
17215,4144.64648438
17216,6730.15039062
17217,7767.08691406
17218,4236.90234375
17219,4162.54296875
17220,5916.18652344
17221,5314.16210938
17222,4815.54492188
17223,7115.06347656
17224,5480.45166016
17225,6696.02246094
17226,5004.03320312
17227,4315.44580078
17228,5337.71386719
17229,7122.39648438
17230,6585.64599609
17231,7398.23144531
17232,7531.95947266
17233,4982.05810547
17234,8506.03613281
17235,4872.46923828
17236,5088.74951172
17237,7564.39990234
17238,5758.32177734
17239,8663.74414062
17240,7603.54052734
17241,6364.85546875
17242,5064.92431641
17243,6904.6953125
17244,6189.07324219
17245,5378.60546875
17246,3246.26831055
17247,4998.11816406
17248,6370.48583984
17249,5051.81445312
17250,3840.34033203
17251,7149.28125
17252,5844.82958984
17253,5303.16357422
17254,5365.09863281
17255,4546.61914062
17256,6408.28271484
17257,6585.99169922
17258,5147.58203125
17259,5217.66943359
17260,4651.37353516
17261,6109.07373047
17262,2872.14111328
17263,6257.35253906
17264,4427.02880859
17265,7601.22802734
17266,6296.71826172
17267,5561.91503906
17268,10443.4482422
17269,3964.40917969
17270,4675.01953125
17271,9388.50976562
17272,6635.08398438
17273,7546.08154297
17274,7246.57617188
17275,5473.74902344
17276,5492.49853516
17277,4887.36474609
17278,7033.10498047
17279,8966.16699219
17280,6017.28955078
17281,2430.87402344
17282,4102.54248047
17283,7404.29492188
17284,8550.88867188
17285,5470.70068359
17286,6257.65087891
17287,4658.06005859
17288,4338.57617188
17289,2986.46533203
17290,4246.81982422
17291,5915.56054688
17292,6065.94384766
17293,5549.90673828
17294,4142.70556641
17295,7376.14941406
17296,7952.14306641
17297,7342.015625
17298,4378.04589844
17299,8607.11132812
17300,8813.80859375
17301,4540.04052734
17302,6782.87841797
17303,4751.05761719
17304,6648.69824219
17305,3136.99194336
17306,5876.18896484
17307,4680.41845703
17308,8012.73193359
17309,7035.21142578
17310,7000.10400391
17311,7388.37304688
17312,5276.79882812
17313,6948.72900391
17314,16818.5195312
17315,8478.1328125
17316,4513.72607422
17317,2432.72314453
17318,5906.21240234
17319,7870.28076172
17320,5638.96044922
17321,11177.6689453
17322,19457.375
17323,3485.58789062
17324,4169.29882812
17325,8931.47851562
17326,4094.09448242
17327,6659.37988281
17328,5292.6171875
17329,6637.07763672
17330,4670.96337891
17331,5682.63134766
17332,5710.75634766
17333,6693.47412109
17334,7839.80322266
17335,6131.30322266
17336,5744.77099609
17337,6216.51318359
17338,4425.55957031
17339,4594.34033203
17340,6964.01611328
17341,5337.65722656
17342,4965.85595703
17343,6208.33007812
17344,5399.05273438
17345,4864.29589844
17346,6005.76953125
17347,5906.63476562
17348,7680.43798828
17349,7960.39941406
17350,7024.49658203
17351,5325.59423828
17352,3367.3425293
17353,5437.79980469
17354,6503.18798828
17355,5404.02441406
17356,3774.22045898
17357,7341.01416016
17358,5505.73193359
17359,9269.43164062
17360,6168.91064453
17361,4677.93701172
17362,4504.04052734
17363,4204.29199219
17364,8453.5703125
17365,4841.04541016
17366,7995.65332031
17367,13479.8955078
17368,6637.91992188
17369,5522.58984375
17370,5030.01367188
17371,4195.99853516
17372,6877.92333984
17373,3599.046875
17374,4991.30029297
17375,9278.93164062
17376,5213.44091797
17377,12483.234375
17378,11815.7373047
17379,4979.13671875
17380,5565.73095703
17381,5354.29150391
17382,6019.91308594
17383,5050.26806641
17384,9559.94921875
17385,6614.56640625
17386,7971.21142578
17387,3847.43164062
17388,7121.32324219
17389,5232.59179688
17390,7552.74267578
17391,5766.35205078
17392,5496.38720703
17393,6622.88085938
17394,5812.84960938
17395,7314.54589844
17396,8784.93066406
17397,5538.32568359
17398,8964.75585938
17399,6475.90332031
17400,8671.43945312
17401,5032.24511719
17402,4586.37988281
17403,4558.50488281
17404,7626.61621094
17405,6157.23583984
17406,6976.69433594
17407,5471.03466797
17408,8265.19824219
17409,4138.40820312
17410,7842.06884766
17411,6320.73339844
17412,3758.11108398
17413,12107.4697266
17414,14900.3691406
17415,5807.15283203
17416,6381.48730469
17417,8121.04785156
17418,8898.89550781
17419,9715.73730469
17420,5585.80810547
17421,6281.07421875
17422,5860.59423828
17423,7389.88085938
17424,3942.77270508
17425,4691.54882812
17426,5188.21533203
17427,5273.82519531
17428,6934.58007812
17429,4317.85058594
17430,3620.31347656
17431,6435.64453125
17432,3376.41992188
17433,3822.13232422
17434,5225.51416016
17435,5595.26220703
17436,8165.84814453
17437,8005.68798828
17438,6339.50537109
17439,5977.22412109
17440,6095.56982422
17441,10064.6259766
17442,6030.02734375
17443,5098.98242188
17444,4498.92236328
17445,10664.1533203
17446,4034.78369141
17447,7069.46972656
17448,3076.92333984
17449,4111.82763672
17450,5969.20214844
17451,6140.21630859
17452,4961.65625
17453,7834.95166016
17454,9222.31542969
17455,10784.5009766
17456,5729.30175781
17457,9075.38183594
17458,2773.19848633
17459,4957.83837891
17460,6434.95117188
17461,3595.44042969
17462,8134.71484375
17463,4500.59570312
17464,4498.98242188
17465,8012.90722656
17466,9138.87695312
17467,7302.53466797
17468,4941.47900391
17469,4405.03173828
17470,9511.04785156
17471,7089.04443359
17472,4933.08203125
17473,4841.16601562
17474,6108.6015625
17475,7566.28320312
17476,3862.26171875
17477,4948.24267578
17478,6874.95849609
17479,7256.41845703
17480,11289.9003906
17481,6260.17626953
17482,12358.9990234
17483,5950.73242188
17484,5218.84960938
17485,3025.02294922
17486,5487.08398438
17487,5444.26171875
17488,4872.15332031
17489,7790.59130859
17490,4802.265625
17491,4142.76074219
17492,6846.27099609
17493,3125.88818359
17494,6899.11914062
17495,6427.69384766
17496,6905.22851562
17497,8132.66699219
17498,4429.31787109
17499,8508.06445312
17500,5888.89208984
17501,4895.79589844
17502,5346.10546875
17503,4491.06298828
17504,9110.68847656
17505,6061.01025391
17506,3876.37988281
17507,6341.89990234
17508,7572.66552734
17509,6918.58544922
17510,4957.27099609
17511,7821.07177734
17512,5444.42236328
17513,5972.48242188
17514,5354.63867188
17515,8811.16210938
17516,5216.46533203
17517,5292.50146484
17518,5242.90332031
17519,5360.22900391
17520,3876.55004883
17521,5163.00292969
17522,7778.1328125
17523,8072.82714844
17524,10153.2314453
17525,9412.7890625
17526,7744.93847656
17527,6911.69921875
17528,5009.39160156
17529,9896.04003906
17530,9794.14160156
17531,6484.90917969
17532,7291.51757812
17533,8163.81591797
17534,5266.55126953
17535,3001.61767578
17536,9672.60449219
17537,5527.56445312
17538,6129.15722656
17539,5157.75585938
17540,1635.65612793
17541,9315.26171875
17542,6191.73583984
17543,4135.90185547
17544,4890.96533203
17545,4824.11035156
17546,6267.44726562
17547,5309.08496094
17548,6748.52197266
17549,5055.88818359
17550,4266.70019531
17551,3298.13183594
17552,2880.55297852
17553,6379.953125
17554,15707.3320312
17555,4049.79492188
17556,5684.64794922
17557,5977.89697266
17558,5116.43896484
17559,4876.45410156
17560,4829.87451172
17561,3617.15820312
17562,6732.04394531
17563,6246.80957031
17564,3105.44506836
17565,7467.13867188
17566,4099.52636719
17567,4544.09619141
17568,9444.74121094
17569,6531.11083984
17570,8741.25097656
17571,4248.79345703
17572,5604.55615234
17573,4445.75878906
17574,5141.87451172
17575,12715.6669922
17576,8638.83203125
17577,6396.36816406
17578,4075.84594727
17579,4370.12255859
17580,5783.08544922
17581,3955.47949219
17582,8255.20019531
17583,4763.84082031
17584,4760.02050781
17585,6990.01611328
17586,4448.46484375
17587,5653.75
17588,5826.45556641
17589,6039.08105469
17590,6066.95605469
17591,3492.9609375
17592,4905.70166016
17593,6010.62988281
17594,7700.17675781
17595,7787.60498047
17596,6377.87841797
17597,3643.63745117
17598,7322.55957031
17599,5489.4921875
17600,4138.28173828
17601,7228.22802734
17602,6732.50683594
17603,5815.88867188
17604,5800.34375
17605,6055.24316406
17606,5919.25683594
17607,5285.49365234
17608,6781.82421875
17609,6271.05908203
17610,5049.81982422
17611,8007.12402344
17612,5709.10107422
17613,4050.51733398
17614,10601.8857422
17615,4789.08642578
17616,3109.09692383
17617,7109.22265625
17618,8261.21777344
17619,8634.30957031
17620,4567.34912109
17621,5622.69775391
17622,5388.01757812
17623,6751.78613281
17624,5422.26171875
17625,7637.10546875
17626,2708.61303711
17627,5089.29345703
17628,5057.57177734
17629,4426.30664062
17630,4121.92822266
17631,5820.234375
17632,6290.27685547
17633,5365.85107422
17634,6587.36767578
17635,5888.85888672
17636,7485.95800781
17637,4629.43652344
17638,5780.39453125
17639,5623.40527344
17640,6915.73535156
17641,8200.96386719
17642,3140.58520508
17643,7897.71289062
17644,5945.7734375
17645,7214.62451172
17646,5129.94580078
17647,3236.5559082
17648,6963.62402344
17649,5279.10449219
17650,8153.28759766
17651,5694.06396484
17652,4828.00927734
17653,7332.56738281
17654,5392.75292969
17655,4667.08886719
17656,6519.49707031
17657,4896.77636719
17658,8253.98828125
17659,9882.703125
17660,6530.43847656
17661,3842.20141602
17662,4839.19433594
17663,3506.52197266
17664,2636.56494141
17665,7117.69726562
17666,5582.01025391
17667,8769.76855469
17668,4230.96582031
17669,5228.97460938
17670,5496.86425781
17671,8057.25
17672,4679.65966797
17673,5278.07275391
17674,4666.62109375
17675,6628.96044922
17676,4864.40283203
17677,6617.79150391
17678,7486.5859375
17679,7707.0390625
17680,6900.97509766
17681,6895.65869141
17682,5801.64404297
17683,4103.99414062
17684,5027.19335938
17685,9659.66015625
17686,7452.53125
17687,8014.40527344
17688,14790.4697266
17689,4794.85009766
17690,4202.82421875
17691,5707.53857422
17692,7932.68945312
17693,8624.29394531
17694,6480.796875
17695,7073.73291016
17696,7653.40283203
17697,6197.30810547
17698,6001.66943359
17699,5357.92382812
17700,4382.34521484
17701,4424.10742188
17702,3246.5378418
17703,4323.61230469
17704,7319.75195312
17705,15155.1240234
17706,5686.25341797
17707,4064.61352539
17708,6491.26464844
17709,3727.62695312
17710,5835.00341797
17711,3940.97167969
17712,7804.10449219
17713,6134.15771484
17714,6108.05371094
17715,11653.9228516
17716,12187.6884766
17717,4612.52783203
17718,6251.48242188
17719,3812.0390625
17720,4912.50097656
17721,4898.09863281
17722,7235.47705078
17723,4368.95996094
17724,4024.24755859
17725,5023.00878906
17726,4900.98242188
17727,6750.33740234
17728,6502.34423828
17729,3857.80273438
17730,6994.07080078
17731,7824.67578125
17732,5776.44775391
17733,4040.36035156
17734,3839.84912109
17735,6695.88818359
17736,4082.99047852
17737,9524.25585938
17738,4104.65234375
17739,4954.32617188
17740,5985.40527344
17741,5156.40283203
17742,4167.11181641
17743,5147.63134766
17744,5574.56152344
17745,8799.17773438
17746,7786.7578125
17747,5500.671875
17748,3854.62451172
17749,5108.12451172
17750,5339.4453125
17751,4610.82568359
17752,5127.62207031
17753,5382.35693359
17754,10077.8623047
17755,6617.47607422
17756,5772.74658203
17757,6664.73681641
17758,3903.03564453
17759,8774.29589844
17760,4988.81542969
17761,10800.3427734
17762,5604.11816406
17763,4850.72509766
17764,4166.34863281
17765,3812.92285156
17766,6159.40966797
17767,17609.8417969
17768,3658.40454102
17769,4892.56542969
17770,8845.53320312
17771,6456.83837891
17772,6082.44970703
17773,7531.53564453
17774,5753.05712891
17775,4924.83056641
17776,3839.18261719
17777,8464.82519531
17778,5308.90283203
17779,6584.08886719
17780,7307.57275391
17781,3859.36328125
17782,6770.43603516
17783,6345.42138672
17784,3797.05761719
17785,8039.71679688
17786,9240.65527344
17787,3932.88989258
17788,7444.52441406
17789,5857.91210938
17790,4772.36425781
17791,8060.40136719
17792,6451.1875
17793,7315.78808594
17794,4324.02490234
17795,4031.04418945
17796,6254.91796875
17797,3329.94873047
17798,6964.46777344
17799,3690.08227539
17800,5544.73193359
17801,4517.25830078
17802,5148.24951172
17803,5485.07958984
17804,6078.19335938
17805,5776.22753906
17806,8392.74511719
17807,5474.21875
17808,7581.59082031
17809,5449.08251953
17810,7369.55322266
17811,8148.34326172
17812,6819.69970703
17813,2903.55883789
17814,5329.92382812
17815,6086.53515625
17816,3421.32910156
17817,10495.3115234
17818,4841.9140625
17819,5470.68994141
17820,9389.4765625
17821,6624.68798828
17822,3212.24975586
17823,10235.2929688
17824,9166.69042969
17825,5686.61669922
17826,6928.60302734
17827,8720.19921875
17828,6011.26611328
17829,4952.87060547
17830,6381.99267578
17831,4859.21386719
17832,5068.32177734
17833,7188.32373047
17834,3859.67993164
17835,6567.98730469
17836,6825.45849609
17837,5573.359375
17838,7023.82666016
17839,5583.68212891
17840,6107.53515625
17841,4396.73681641
17842,6781.68164062
17843,6780.28466797
17844,6050.20361328
17845,5643.29199219
17846,5658.86474609
17847,8360.73144531
17848,5623.39501953
17849,4246.86474609
17850,5822.46630859
17851,6926.59472656
17852,6775.88867188
17853,4047.70947266
17854,3648.1171875
17855,6614.03027344
17856,7094.47607422
17857,5298.6484375
17858,7334.12060547
17859,6126.01855469
17860,5610.39697266
17861,4724.20507812
17862,2670.0793457
17863,5709.33496094
17864,6717.04199219
17865,6032.09814453
17866,7499.30712891
17867,6937.51025391
17868,4432.35693359
17869,7722.09423828
17870,3336.29516602
17871,2098.07299805
17872,6842.75244141
17873,9877.80371094
17874,7172.61279297
17875,6224.83789062
17876,3551.63964844
17877,6040.07275391
17878,6916.74414062
17879,5292.26904297
17880,7204.48828125
17881,4395.24804688
17882,4056.64233398
17883,4527.10644531
17884,5615.55810547
17885,4848.98095703
17886,4351.75244141
17887,4147.26416016
17888,3711.86865234
17889,5841.51855469
17890,6103.35986328
17891,4618.66552734
17892,5761.66748047
17893,7095.52490234
17894,5015.96582031
17895,5251.02636719
17896,8956.234375
17897,6546.37890625
17898,5625.4921875
17899,3338.71484375
17900,10724.4658203
17901,6289.32324219
17902,4943.11962891
17903,7162.49511719
17904,7157.84423828
17905,6460.83691406
17906,6020.66552734
17907,6283.42919922
17908,8725.27441406
17909,10843.7451172
17910,4782.55371094
17911,3973.46142578
17912,4681.85205078
17913,5757.13037109
17914,5365.63085938
17915,6357.33203125
17916,8066.03076172
17917,5236.70117188
17918,3698.71655273
17919,5151.87988281
17920,9095.38964844
17921,4448.49902344
17922,6563.66015625
17923,3609.76098633
17924,6759.60888672
17925,6708.15527344
17926,6737.71044922
17927,7346.17626953
17928,5825.08789062
17929,3716.97802734
17930,5741.50097656
17931,7206.54345703
17932,8127.38623047
17933,7182.14941406
17934,7193.37841797
17935,5180.72314453
17936,3892.72875977
17937,9135.39160156
17938,4262.84765625
17939,9421.21484375
17940,5611.15673828
17941,3911.20922852
17942,6442.78759766
17943,5300.95849609
17944,6010.859375
17945,7215.36083984
17946,3789.97949219
17947,4260.80273438
17948,5872.55810547
17949,6529.57275391
17950,8651.59667969
17951,4877.55175781
17952,5583.43212891
17953,4339.4375
17954,6059.10839844
17955,4491.16992188
17956,9748.80078125
17957,7415.21435547
17958,10196.7470703
17959,4087.99047852
17960,5688.20117188
17961,8730.45214844
17962,7628.68945312
17963,4373.34619141
17964,8937.06933594
17965,5492.92822266
17966,4858.59716797
17967,4596.82128906
17968,4467.02148438
17969,4486.95214844
17970,5116.90234375
17971,4092.68847656
17972,4102.39355469
17973,7295.64990234
17974,6085.33398438
17975,21302.40625
17976,6441.79833984
17977,3729.04614258
17978,5550.25634766
17979,8354.85644531
17980,5822.06689453
17981,5853.93505859
17982,4932.19287109
17983,6382.79003906
17984,5953.23046875
17985,3811.56640625
17986,4580.24121094
17987,5781.93261719
17988,6414.34912109
17989,6190.00585938
17990,8780.36523438
17991,3870.06933594
17992,3709.06176758
17993,4093.41479492
17994,7747.00683594
17995,8518.06835938
17996,6846.84570312
17997,5985.68505859
17998,3585.5144043
17999,4876.7421875
18000,3027.57226562
18001,6831.93261719
18002,7515.16064453
18003,8203.24804688
18004,4153.38085938
18005,3707.70361328
18006,3815.61914062
18007,5161.46679688
18008,8236.45898438
18009,4912.44921875
18010,3947.52587891
18011,3917.17944336
18012,6465.57128906
18013,3050.234375
18014,5982.22070312
18015,3254.81762695
18016,5517.86132812
18017,5219.83496094
18018,4547.64306641
18019,6323.30859375
18020,5288.23193359
18021,4324.12402344
18022,5674.88574219
18023,5683.98144531
18024,8511.61230469
18025,5049.88769531
18026,6474.42089844
18027,7252.59863281
18028,7483.31640625
18029,5233.25048828
18030,6809.67675781
18031,3157.86889648
18032,4166.19775391
18033,4948.33691406
18034,5606.63623047
18035,7535.14257812
18036,5941.10205078
18037,4227.30273438
18038,6091.64648438
18039,5430.14453125
18040,7336.24755859
18041,3040.97460938
18042,10631.6054688
18043,3460.04272461
18044,5120.81835938
18045,6724.61279297
18046,3863.42260742
18047,4507.48339844
18048,4785.47900391
18049,5848.85595703
18050,4461.43457031
18051,4467.32421875
18052,6426.98876953
18053,6803.52880859
18054,4935.31298828
18055,3902.65966797
18056,6343.34619141
18057,9580.45019531
18058,5490.85351562
18059,4505.84960938
18060,5097.95605469
18061,5389.80664062
18062,5158.43017578
18063,6108.66552734
18064,2969.31494141
18065,6033.54248047
18066,4817.19873047
18067,5371.44824219
18068,7881.12792969
18069,3506.46508789
18070,3849.97949219
18071,3499.63793945
18072,6262.19482422
18073,7373.23730469
18074,4027.99975586
18075,3609.60961914
18076,5339.23095703
18077,4484.41455078
18078,4293.63867188
18079,6247.81054688
18080,5113.40917969
18081,6563.27832031
18082,4473.96386719
18083,3880.16821289
18084,4605.12451172
18085,7211.51464844
18086,6130.89355469
18087,6380.50732422
18088,6292.02929688
18089,4416.21435547
18090,7910.68701172
18091,4313.22753906
18092,4738.70556641
18093,6982.39941406
18094,4891.78125
18095,8097.34960938
18096,6582.39990234
18097,5675.67041016
18098,4603.37695312
18099,6253.0390625
18100,5536.58251953
18101,4904.25097656
18102,2993.88500977
18103,4591.65869141
18104,6177.59033203
18105,4113.76171875
18106,3252.36889648
18107,6621.71875
18108,5510.64453125
18109,4813.58837891
18110,4528.97607422
18111,4163.29345703
18112,5943.50537109
18113,5953.67871094
18114,4839.77587891
18115,4333.16650391
18116,4635.19824219
18117,5232.37744141
18118,2666.83618164
18119,5419.49023438
18120,3825.99560547
18121,6635.94482422
18122,5892.52197266
18123,5124.71777344
18124,8962.37011719
18125,4035.85766602
18126,4115.08837891
18127,8116.56445312
18128,5131.38964844
18129,6538.79638672
18130,6296.03955078
18131,4612.22021484
18132,5003.8515625
18133,4589.27246094
18134,6887.11376953
18135,8650.88671875
18136,6116.63574219
18137,2214.34619141
18138,3745.17016602
18139,6477.71289062
18140,6649.37695312
18141,4666.65234375
18142,5252.62451172
18143,4124.49658203
18144,4382.70458984
18145,2784.38696289
18146,4241.375
18147,5110.15185547
18148,5621.76953125
18149,5273.39746094
18150,4054.92431641
18151,6587.36132812
18152,6991.76318359
18153,6342.48095703
18154,3811.10839844
18155,7967.69921875
18156,7213.70263672
18157,4050.33935547
18158,6044.93115234
18159,4093.68798828
18160,5614.40136719
18161,2725.26123047
18162,5728.43261719
18163,3727.62329102
18164,7576.15478516
18165,6130.80615234
18166,6173.69042969
18167,6881.19775391
18168,4651.51123047
18169,6163.28222656
18170,15789.7001953
18171,7507.88134766
18172,4094.47680664
18173,2269.08520508
18174,4942.65722656
18175,7013.13623047
18176,5177.43261719
18177,10826.8994141
18178,17540.3652344
18179,3199.93017578
18180,3985.69262695
18181,9146.26367188
18182,3468.83374023
18183,5690.08398438
18184,4907.69091797
18185,6162.359375
18186,4226.08496094
18187,4784.05517578
18188,4728.9296875
18189,6201.15136719
18190,6892.32519531
18191,5195.98583984
18192,4950.3671875
18193,5827.56103516
18194,3778.04589844
18195,3963.84960938
18196,6280.31347656
18197,4718.82763672
18198,4412.14697266
18199,5513.97802734
18200,5202.50683594
18201,4711.42431641
18202,5642.89892578
18203,5481.36621094
18204,6890.02392578
18205,7700.20605469
18206,6251.94140625
18207,4746.77246094
18208,2783.73632812
18209,4914.97558594
18210,5428.52294922
18211,4692.68115234
18212,3623.68579102
18213,6694.31738281
18214,5123.04150391
18215,8430.32421875
18216,5845.046875
18217,4185.08935547
18218,4301.11132812
18219,3914.01953125
18220,7363.17333984
18221,3966.27783203
18222,6942.81298828
18223,12876.3564453
18224,5997.97265625
18225,6619.69140625
18226,4019.85864258
18227,3887.93774414
18228,5661.49414062
18229,3207.17895508
18230,4761.05126953
18231,8878.9296875
18232,4530.14306641
18233,11546.78125
18234,11060.4960938
18235,4300.0078125
18236,5203.19189453
18237,5231.65820312
18238,5520.56738281
18239,4404.21191406
18240,8628.90136719
18241,5823.3828125
18242,7588.44921875
18243,3660.23364258
18244,6577.26611328
18245,4345.98632812
18246,7310.12353516
18247,5005.20751953
18248,4636.08300781
18249,5782.77685547
18250,5342.80761719
18251,6244.13427734
18252,8484.54785156
18253,4733.82666016
18254,7612.84375
18255,5506.95068359
18256,7938.02539062
18257,4696.39306641
18258,4006.86889648
18259,3891.38842773
18260,6572.03564453
18261,5048.79394531
18262,6222.27929688
18263,4772.32324219
18264,6939.44287109
18265,3762.0456543
18266,7353.88085938
18267,5949.08056641
18268,3216.11938477
18269,11021.7431641
18270,14302.0908203
18271,5120.58886719
18272,5181.85986328
18273,7129.90722656
18274,8171.77734375
18275,9701.19042969
18276,4417.06542969
18277,6127.60791016
18278,4859.94580078
18279,6409.27294922
18280,3347.79174805
18281,4436.97216797
18282,4320.89111328
18283,4693.87597656
18284,6285.86279297
18285,4295.98632812
18286,3201.31616211
18287,5363.32324219
18288,3299.83764648
18289,3505.2578125
18290,4959.12011719
18291,4847.09912109
18292,7101.84912109
18293,6973.26806641
18294,6038.22314453
18295,5251.94335938
18296,5282.52001953
18297,10160.2548828
18298,5676.82373047
18299,4036.94702148
18300,4145.27490234
18301,8596.15039062
18302,3756.43017578
18303,5891.18994141
18304,2911.25024414
18305,3961.58154297
18306,5685.67871094
18307,5155.43408203
18308,4263.70556641
18309,7295.99755859
18310,8310.46875
18311,10822.3261719
18312,5387.68896484
18313,7974.37451172
18314,2656.03222656
18315,4189.7109375
18316,5106.68261719
18317,3120.90039062
18318,6810.23535156
18319,4037.74829102
18320,4180.45751953
18321,7312.50195312
18322,8805.92773438
18323,8431.10449219
18324,4377.85791016
18325,4013.96899414
18326,9847.16601562
18327,6657.08056641
18328,4756.39013672
18329,4220.89599609
18330,5394.13720703
18331,7297.60546875
18332,3351.08276367
18333,4826.74316406
18334,6118.19970703
18335,6551.15087891
18336,10796.109375
18337,5271.98925781
18338,11146.9443359
18339,5271.89355469
18340,4537.48632812
18341,2722.6184082
18342,4955.61572266
18343,4899.91210938
18344,4237.71923828
18345,6472.70458984
18346,4109.80029297
18347,3745.95629883
18348,5836.43945312
18349,2730.33081055
18350,6511.13232422
18351,5388.68066406
18352,6463.95605469
18353,6995.84570312
18354,3996.08178711
18355,7684.27734375
18356,5500.54101562
18357,4328.84960938
18358,4825.46289062
18359,4215.61669922
18360,8070.47949219
18361,5179.75976562
18362,3687.06323242
18363,5467.28369141
18364,6713.97412109
18365,5966.16796875
18366,4555.7578125
18367,6856.84472656
18368,4949.86669922
18369,5223.70507812
18370,4785.78955078
18371,7085.21875
18372,5189.65527344
18373,5150.90722656
18374,4024.07885742
18375,4558.6484375
18376,3589.15917969
18377,4213.57421875
18378,6889.16992188
18379,7654.41064453
18380,8447.58105469
18381,8192.48144531
18382,6723.45166016
18383,6862.32080078
18384,4916.71533203
18385,9447.0390625
18386,8940.98242188
18387,5485.62402344
18388,7007.31884766
18389,6688.29882812
18390,4768.98291016
18391,3036.62329102
18392,8870.99023438
18393,5045.61669922
18394,5402.15429688
18395,4700.38183594
18396,1818.30822754
18397,8664.02441406
18398,5459.96679688
18399,3714.57836914
18400,4352.02246094
18401,4202.27099609
18402,5375.02050781
18403,5397.89453125
18404,5623.04101562
18405,5220.41259766
18406,3621.51538086
18407,3023.30371094
18408,2589.06860352
18409,5629.78173828
18410,14660.0996094
18411,3622.48974609
18412,4797.75097656
18413,5393.97216797
18414,4449.80615234
18415,3931.98974609
18416,4108.64404297
18417,3131.36791992
18418,5996.34814453
18419,5554.01611328
18420,2739.23144531
18421,6734.83789062
18422,3804.75878906
18423,4073.19921875
18424,8660.18261719
18425,5677.38183594
18426,8388.56054688
18427,3855.4296875
18428,5248.06689453
18429,3873.71850586
18430,4166.9609375
18431,12137.5771484
18432,8281.50878906
18433,5706.17724609
18434,3868.75146484
18435,3766.86499023
18436,4765.46337891
18437,4437.07324219
18438,9766.76269531
18439,4477.76367188
18440,4538.81103516
18441,5870.4296875
18442,3631.43701172
18443,5333.3828125
18444,5594.99511719
18445,5222.93261719
18446,5207.97900391
18447,3189.13598633
18448,4598.54052734
18449,5127.72509766
18450,7032.94384766
18451,6925.85449219
18452,5470.89892578
18453,3406.55981445
18454,6645.39501953
18455,4910.25683594
18456,3890.75366211
18457,6032.65087891
18458,6284.91552734
18459,5425.64501953
18460,5178.27734375
18461,4886.13867188
18462,5034.69873047
18463,4582.32177734
18464,6074.19384766
18465,5463.67578125
18466,4356.72412109
18467,7490.15039062
18468,4916.84619141
18469,3615.22631836
18470,8990.15234375
18471,4627.20263672
18472,2980.12426758
18473,6022.48583984
18474,6978.29199219
18475,7799.67675781
18476,4370.98583984
18477,4844.20556641
18478,4880.26025391
18479,6216.51318359
18480,4513.02880859
18481,6491.52490234
18482,2600.89135742
18483,4245.11474609
18484,4691.49511719
18485,4058.46899414
18486,3863.18676758
18487,5055.33349609
18488,5538.57373047
18489,4952.77099609
18490,6233.32177734
18491,5089.33691406
18492,6551.56933594
18493,4012.78222656
18494,5270.71240234
18495,5251.80273438
18496,6315.828125
18497,6434.25146484
18498,3677.24926758
18499,7372.21777344
18500,5119.88037109
18501,6050.35351562
18502,4335.05175781
18503,3194.19018555
18504,6279.75
18505,4699.99658203
18506,7415.73095703
18507,5349.06884766
18508,4568.73925781
18509,6468.34716797
18510,5149.59570312
18511,4178.54345703
18512,6153.17333984
18513,4645.85302734
18514,7964.28027344
18515,8150.48095703
18516,6116.01171875
18517,3701.28613281
18518,4188.12890625
18519,3307.60327148
18520,2585.11450195
18521,6337.8125
18522,4425.46630859
18523,7087.89501953
18524,3650.33789062
18525,4689.83496094
18526,5044.8515625
18527,6971.03417969
18528,4065.33496094
18529,4333.27392578
18530,4059.39819336
18531,6221.484375
18532,4301.62451172
18533,6010.36572266
18534,6740.67333984
18535,7156.80615234
18536,6090.71679688
18537,6146.83203125
18538,5080.68896484
18539,3828.5949707
18540,4090.23364258
18541,8007.078125
18542,6811.80761719
18543,8252.68847656
18544,13486.7626953
18545,4247.41552734
18546,4032.5324707
18547,4850.83105469
18548,7062.61572266
18549,7379.12548828
18550,5339.77050781
18551,6597.76806641
18552,6511.45556641
18553,5851.47314453
18554,5121.12597656
18555,4202.34326172
18556,3737.57177734
18557,3921.40405273
18558,3083.99975586
18559,3858.28100586
18560,6272.33349609
18561,12869.7763672
18562,5400.20654297
18563,4107.10449219
18564,5596.81591797
18565,3411.22314453
18566,5294.69238281
18567,3563.17773438
18568,7825.77246094
18569,5378.69775391
18570,5428.56982422
18571,10460.0458984
18572,10457.78125
18573,4382.89697266
18574,5876.67138672
18575,3560.05859375
18576,4646.01708984
18577,4695.48828125
18578,6801.41357422
18579,3779.79052734
18580,3612.25512695
18581,4835.00488281
18582,4431.11816406
18583,5400.78369141
18584,5580.14746094
18585,3625.42138672
18586,6022.92822266
18587,6850.94140625
18588,5304.01367188
18589,3316.25390625
18590,3128.90161133
18591,6709.27539062
18592,3661.53295898
18593,8187.22509766
18594,3506.1640625
18595,4320.79248047
18596,5253.14550781
18597,4465.97314453
18598,3832.14306641
18599,4543.95703125
18600,5023.47363281
18601,7735.70947266
18602,7207.34765625
18603,4614.99658203
18604,3544.56567383
18605,4857.28564453
18606,4874.18457031
18607,3962.73046875
18608,4577.95263672
18609,4954.47216797
18610,9304.37597656
18611,6084.50390625
18612,5353.58642578
18613,6488.12011719
18614,3720.19555664
18615,7885.03759766
18616,4656.35839844
18617,9864.65039062
18618,4859.56591797
18619,4162.12255859
18620,3674.31787109
18621,3220.71850586
18622,6169.97607422
18623,15791.9443359
18624,3030.27416992
18625,4055.64379883
18626,7394.88720703
18627,5331.33300781
18628,5624.07080078
18629,6549.27050781
18630,4822.15478516
18631,4221.62890625
18632,3780.80761719
18633,7948.41259766
18634,4708.73779297
18635,6233.21533203
18636,6626.68457031
18637,3883.76025391
18638,6474.31591797
18639,5212.00878906
18640,3587.25952148
18641,7481.32519531
18642,7956.65673828
18643,3580.54150391
18644,6600.32373047
18645,5014.3828125
18646,4364.07373047
18647,7200.94384766
18648,5584.80615234
18649,6217.6875
18650,3853.19824219
18651,3509.66772461
18652,6034.67675781
18653,3133.7109375
18654,6630.43408203
18655,3176.00488281
18656,5123.21240234
18657,4069.44775391
18658,4798.69824219
18659,5238.21972656
18660,5895.69824219
18661,5168.92138672
18662,7016.85644531
18663,4750.06054688
18664,6212.36376953
18665,5411.77783203
18666,6020.79736328
18667,7688.35351562
18668,6391.11767578
18669,2478.12744141
18670,4895.29199219
18671,5842.265625
18672,3264.6628418
18673,9206.953125
18674,4282.03515625
18675,4888.87060547
18676,8316.33691406
18677,6106.91796875
18678,2853.53662109
18679,9513.30664062
18680,8336.72363281
18681,5066.65380859
18682,6251.01757812
18683,8585.97265625
18684,4734.85595703
18685,4294.13818359
18686,5390.11474609
18687,4249.88769531
18688,4545.21435547
18689,5993.5234375
18690,3748.56201172
18691,5743.68652344
18692,5715.79736328
18693,5070.78320312
18694,5887.31396484
18695,5079.58398438
18696,5326.97167969
18697,4673.7890625
18698,6259.81787109
18699,5680.06298828
18700,5594.17382812
18701,5287.01660156
18702,5089.04589844
18703,7758.51269531
18704,4352.42919922
18705,4145.78076172
18706,4906.45947266
18707,6042.00244141
18708,5991.22558594
18709,3860.66308594
18710,3246.10131836
18711,6201.19824219
18712,6518.76953125
18713,4835.68310547
18714,6358.95068359
18715,5092.63916016
18716,4941.04052734
18717,4104.73828125
18718,2320.26342773
18719,4956.89208984
18720,5423.59619141
18721,4881.75488281
18722,7174.28222656
18723,6461.64453125
18724,4067.70141602
18725,7069.03808594
18726,3343.43505859
18727,2234.0144043
18728,5708.75732422
18729,9550.74511719
18730,6751.10986328
18731,5493.75585938
18732,3380.66113281
18733,5153.02978516
18734,5943.21630859
18735,4602.24853516
18736,6423.94921875
18737,3596.80932617
18738,4043.95410156
18739,4264.07568359
18740,4454.28662109
18741,4152.13720703
18742,3846.95458984
18743,3489.11108398
18744,3310.14111328
18745,5525.83007812
18746,5306.51806641
18747,3875.35205078
18748,5395.26416016
18749,5625.44970703
18750,4794.47998047
18751,5156.50146484
18752,7287.67919922
18753,5984.47460938
18754,4823.50292969
18755,2795.47143555
18756,8575.53027344
18757,5227.89697266
18758,4184.76611328
18759,6234.47558594
18760,6178.80419922
18761,5803.69189453
18762,4966.06884766
18763,5972.69335938
18764,6860.63232422
18765,10040.7333984
18766,3835.95385742
18767,3438.4609375
18768,4107.66845703
18769,5566.11865234
18770,4583.09521484
18771,5943.04638672
18772,7148.96044922
18773,4679.16894531
18774,3073.57299805
18775,4643.59375
18776,9324.79101562
18777,3687.74584961
18778,5689.4921875
18779,3284.75585938
18780,5470.70556641
18781,6186.75341797
18782,6080.83105469
18783,6498.34521484
18784,5239.79882812
18785,3176.0925293
18786,5052.91357422
18787,6077.24804688
18788,7105.25732422
18789,6270.80224609
18790,6435.25195312
18791,4553.19482422
18792,3650.23364258
18793,7982.265625
18794,3753.85449219
18795,8558.65625
18796,4876.80273438
18797,3339.39013672
18798,5594.57910156
18799,5004.03320312
18800,5592.94140625
18801,6838.66113281
18802,3438.79541016
18803,3627.10595703
18804,5445.93896484
18805,6091.40283203
18806,8116.74267578
18807,4151.73339844
18808,5219.70068359
18809,4096.84423828
18810,5165.52001953
18811,4269.33447266
18812,7911.85693359
18813,6981.49414062
18814,9667.22753906
18815,3513.58032227
18816,4625.05810547
18817,8269.48046875
18818,7615.76318359
18819,3703.4934082
18820,8237.59863281
18821,5294.20263672
18822,4196.84716797
18823,3938.42382812
18824,3799.59033203
18825,4487.11474609
18826,4378.78125
18827,3762.62353516
18828,3724.28613281
18829,6606.61572266
18830,6179.57617188
18831,20116.4863281
18832,5529.88476562
18833,3609.76806641
18834,5425.96044922
18835,8245.10546875
18836,4826.48925781
18837,5825.17724609
18838,4781.18115234
18839,6726.48583984
18840,5847.015625
18841,3579.60571289
18842,4402.88916016
18843,5267.21435547
18844,6158.28759766
18845,5775.55566406
18846,7939.33544922
18847,3619.85742188
18848,3562.30078125
18849,3932.13598633
18850,7672.69189453
18851,8059.33251953
18852,6666.40820312
18853,5960.94628906
18854,3056.38623047
18855,4704.75537109
18856,3030.66723633
18857,6676.85107422
18858,7438.1796875
18859,8106.390625
18860,4145.29101562
18861,3584.3449707
18862,3383.11962891
18863,4890.43798828
18864,8398.13476562
18865,4858.92626953
18866,3531.66577148
18867,3785.3293457
18868,6042.74609375
18869,2823.36279297
18870,6229.26269531
18871,3121.7043457
18872,5162.54980469
18873,5032.29833984
18874,4640.48095703
18875,6084.60839844
18876,5134.39111328
18877,4432.01416016
18878,5575.54492188
18879,5438.515625
18880,8020.39306641
18881,4710.55273438
18882,6221.32421875
18883,7086.22558594
18884,7225.05029297
18885,4924.46923828
18886,6579.91992188
18887,3104.69262695
18888,4017.30932617
18889,4634.42480469
18890,5227.51806641
18891,7146.58837891
18892,5573.81152344
18893,4122.7421875
18894,5515.78271484
18895,5516.10351562
18896,6731.28662109
18897,3159.53198242
18898,10449.0771484
18899,3288.97021484
18900,4986.06591797
18901,6567.24169922
18902,3804.06933594
18903,4241.48388672
18904,4571.79980469
18905,5693.41748047
18906,4089.01245117
18907,4188.74414062
18908,6261.64501953
18909,6491.45654297
18910,4551.60107422
18911,3905.75830078
18912,6189.28564453
18913,9423.60449219
18914,5444.18359375
18915,4550.40722656
18916,4926.47998047
18917,5440.10302734
18918,5088.03173828
18919,5995.25
18920,2886.5168457
18921,5922.37451172
18922,4866.28710938
18923,5376.55859375
18924,7881.34570312
18925,3504.18798828
18926,3681.58764648
18927,3550.87744141
18928,6139.41992188
18929,7113.16357422
18930,4074.69165039
18931,3421.45629883
18932,5119.61230469
18933,4356.39599609
18934,4160.02636719
18935,6129.91699219
18936,5176.66259766
18937,6039.34619141
18938,4316.77148438
18939,3785.2824707
18940,4462.11132812
18941,6684.00683594
18942,5920.171875
18943,6152.32275391
18944,6264.15429688
18945,4325.88964844
18946,7449.61035156
18947,4393.95214844
18948,4652.71386719
18949,6691.12548828
18950,4781.28076172
18951,7962.44970703
18952,6735.00488281
18953,5472.41748047
18954,4239.93505859
18955,6123.21435547
18956,5348.21728516
18957,4739.02197266
18958,3041.1081543
18959,4213.86767578
18960,6249.46142578
18961,4016.54296875
18962,3110.88305664
18963,6402.44189453
18964,5375.32324219
18965,4816.02246094
18966,4430.72949219
18967,3952.06225586
18968,5550.66894531
18969,5565.17382812
18970,4679.12011719
18971,4098.31445312
18972,4462.43896484
18973,5118.13769531
18974,2727.20678711
18975,5098.9140625
18976,3793.28881836
18977,6584.85498047
18978,5918.28076172
18979,5098.57373047
18980,9168.17675781
18981,4326.57470703
18982,3990.97729492
18983,8107.00146484
18984,5268.74658203
18985,6074.796875
18986,6141.09521484
18987,4003.84667969
18988,4790.14648438
18989,4549.60400391
18990,6033.61181641
18991,8731.984375
18992,5716.06494141
18993,2210.59179688
18994,4266.17919922
18995,6701.89453125
18996,6674.85791016
18997,4476.49511719
18998,5128.81591797
18999,3809.0949707
19000,4057.23046875
19001,2715.5769043
19002,3800.19580078
19003,4803.36962891
19004,5583.48046875
19005,5297.76367188
19006,4536.23144531
19007,6525.63134766
19008,6506.84277344
19009,6204.32226562
19010,3729.67919922
19011,7723.50097656
19012,7111.05371094
19013,3879.65014648
19014,5736.10400391
19015,3809.31982422
19016,5496.125
19017,2574.17016602
19018,5503.38037109
19019,3623.96923828
19020,7421.12255859
19021,5811.0703125
19022,5897.43603516
19023,6739.47802734
19024,4381.86865234
19025,6102.45166016
19026,15384.4033203
19027,7441.14550781
19028,3909.37402344
19029,2280.21264648
19030,4865.47509766
19031,6422.68115234
19032,4916.37744141
19033,10872.8974609
19034,17393.2539062
19035,3274.87841797
19036,3952.59399414
19037,7485.97216797
19038,3793.24169922
19039,5611.13037109
19040,4546.9921875
19041,6079.69482422
19042,4296.65820312
19043,5023.828125
19044,4703.36035156
19045,6078.43652344
19046,6797.19775391
19047,4927.36767578
19048,4647.05419922
19049,5639.60595703
19050,3830.83447266
19051,3952.0925293
19052,6354.84619141
19053,4102.58544922
19054,4352.94384766
19055,5420.48779297
19056,4918.13134766
19057,4888.66064453
19058,5510.45556641
19059,5488.19335938
19060,6587.37353516
19061,7952.90869141
19062,5747.55517578
19063,4673.27197266
19064,2622.0859375
19065,4912.57568359
19066,5142.53222656
19067,4444.69873047
19068,3586.27734375
19069,6539.40185547
19070,4990.24804688
19071,8190.77832031
19072,5512.43212891
19073,3958.75219727
19074,3974.76928711
19075,3893.3972168
19076,7033.19873047
19077,3909.21362305
19078,6688.38818359
19079,12349.5966797
19080,5832.73876953
19081,5081.78417969
19082,3484.18188477
19083,3750.51147461
19084,5343.05175781
19085,3120.20385742
19086,4452.65917969
19087,8120.18066406
19088,4219.3984375
19089,11450.2197266
19090,10708.3779297
19091,4099.87841797
19092,5245.95996094
19093,4836.71191406
19094,5393.56591797
19095,4127.18847656
19096,8590.95410156
19097,5513.97265625
19098,7058.33935547
19099,3483.66333008
19100,6598.83789062
19101,3996.74536133
19102,7354.20361328
19103,4779.07421875
19104,4436.60791016
19105,5487.64892578
19106,5329.78710938
19107,6193.69677734
19108,7910.15917969
19109,4505.78515625
19110,7644.67724609
19111,5047.09423828
19112,7604.65039062
19113,4526.64404297
19114,3953.44628906
19115,3741.42797852
19116,6514.90917969
19117,4719.26855469
19118,5596.93310547
19119,4731.44775391
19120,6779.11425781
19121,3718.09179688
19122,6807.99462891
19123,5270.03369141
19124,2952.52514648
19125,11549.0283203
19126,13333.3505859
19127,5146.94873047
19128,5097.73730469
19129,6696.99316406
19130,7894.17285156
19131,8907.45507812
19132,3950.81835938
19133,6132.390625
19134,4618.95605469
19135,6180.68994141
19136,3226.50610352
19137,4142.92675781
19138,4274.00390625
19139,4564.20898438
19140,6317.83447266
19141,4238.95605469
19142,3098.30175781
19143,5172.84228516
19144,2807.67504883
19145,3757.97485352
19146,4648.29541016
19147,5015.10498047
19148,6868.54150391
19149,6720.85498047
19150,5797.84375
19151,4931.33691406
19152,5097.62060547
19153,9121.92285156
19154,5463.01953125
19155,3827.58349609
19156,3989.01708984
19157,8226.56640625
19158,3742.62719727
19159,5710.17919922
19160,2588.99462891
19161,3988.13061523
19162,5359.31933594
19163,4941.73828125
19164,4065.80395508
19165,7264.01464844
19166,7462.51074219
19167,10809.9052734
19168,5116.9609375
19169,7488.57861328
19170,2600.95458984
19171,4123.33984375
19172,4817.74560547
19173,3024.23828125
19174,6506.72460938
19175,3770.73681641
19176,4312.14599609
19177,7314.17626953
19178,8502.45996094
19179,7170.41015625
19180,4197.52001953
19181,3720.38720703
19182,10702.0878906
19183,6854.42529297
19184,4428.22802734
19185,4028.91455078
19186,5268.39013672
19187,6813.79589844
19188,3697.46435547
19189,4806.87109375
19190,5998.046875
19191,6437.35107422
19192,10509.0048828
19193,5132.69677734
19194,10723.5859375
19195,4858.61621094
19196,4115.52441406
19197,2360.58276367
19198,4795.38574219
19199,4627.40527344
19200,3957.18896484
19201,6123.44824219
19202,4021.44628906
19203,3280.84155273
19204,5525.15576172
19205,2956.36669922
19206,6491.171875
19207,5199.28759766
19208,6221.24072266
19209,6595.75439453
19210,3700.82348633
19211,7358.26611328
19212,5446.49462891
19213,4239.20703125
19214,4816.01318359
19215,4506.20214844
19216,7718.69189453
19217,4924.13525391
19218,3595.66674805
19219,5536.51367188
19220,6466.41650391
19221,5598.796875
19222,4498.84472656
19223,6965.05908203
19224,4879.35742188
19225,5164.62353516
19226,4740.85351562
19227,6815.42724609
19228,4357.27294922
19229,4740.265625
19230,3977.08300781
19231,4362.77978516
19232,3716.03857422
19233,3771.72607422
19234,6479.61035156
19235,7252.85498047
19236,8477.41308594
19237,8165.70898438
19238,6354.39160156
19239,6901.67919922
19240,4201.91845703
19241,9546.41894531
19242,8347.06738281
19243,5376.70263672
19244,6777.58203125
19245,6262.48144531
19246,4499.60888672
19247,2967.29296875
19248,8904.77929688
19249,5135.10595703
19250,5168.32910156
19251,4642.42871094
19252,1874.43225098
19253,8383.79296875
19254,5195.49511719
19255,3659.91943359
19256,3949.49975586
19257,4315.63134766
19258,5235.51220703
19259,5428.34228516
19260,5269.99853516
19261,5336.01367188
19262,3471.87939453
19263,3045.91918945
19264,2383.13037109
19265,5422.29785156
19266,14401.8486328
19267,3285.56445312
19268,4600.453125
19269,5333.10791016
19270,3976.68847656
19271,3762.58764648
19272,3957.61547852
19273,2819.51220703
19274,5810.93164062
19275,5431.48583984
19276,2859.49243164
19277,6792.73242188
19278,3626.95703125
19279,4020.73291016
19280,8755.67773438
19281,5577.45458984
19282,8235.76757812
19283,3777.62768555
19284,4970.53320312
19285,3791.2668457
19286,4041.99462891
19287,13127.3476562
19288,8333.3203125
19289,5323.97412109
19290,3788.14306641
19291,3614.54370117
19292,4633.88964844
19293,3532.9128418
19294,8004.41308594
19295,4363.50341797
19296,4501.11962891
19297,5587.53417969
19298,3594.6550293
19299,5125.7734375
19300,5428.4921875
19301,5232.47705078
19302,5164.13085938
19303,3008.96875
19304,4621.75927734
19305,4916.54638672
19306,6844.76904297
19307,6498.30810547
19308,5438.15234375
19309,3440.02587891
19310,6495.02978516
19311,4401.47851562
19312,4047.65893555
19313,5582.15429688
19314,5949.71679688
19315,5236.23193359
19316,4912.62744141
19317,4684.17041016
19318,4821.75439453
19319,4377.99560547
19320,5655.68652344
19321,5286.09863281
19322,4285.02587891
19323,7203.69873047
19324,4771.12158203
19325,3575.9675293
19326,8931.48730469
19327,4357.38525391
19328,3032.28686523
19329,5765.98925781
19330,6789.33837891
19331,7508.03173828
19332,4160.20898438
19333,4615.64404297
19334,4840.01660156
19335,6054.94287109
19336,4357.39746094
19337,6149.04882812
19338,2581.38598633
19339,3988.76586914
19340,4446.21630859
19341,4098.50976562
19342,3699.29174805
19343,5073.12011719
19344,5399.53222656
19345,4948.38427734
19346,6173.11328125
19347,4855.61328125
19348,6370.94726562
19349,4050.03442383
19350,5205.22705078
19351,5032.19238281
19352,6008.3828125
19353,6416.58251953
19354,2458.79980469
19355,7475.87548828
19356,5021.28417969
19357,5662.05566406
19358,4249.98486328
19359,3256.84887695
19360,6098.046875
19361,4650.66845703
19362,7287.84619141
19363,5110.61474609
19364,4227.87939453
19365,5965.13867188
19366,4700.85302734
19367,3928.73901367
19368,6035.19482422
19369,4237.83203125
19370,7295.00976562
19371,7894.78271484
19372,5889.47070312
19373,3556.59643555
19374,4074.09277344
19375,3195.9519043
19376,2554.00952148
19377,6034.26220703
19378,4150.22070312
19379,6751.27099609
19380,3459.40869141
19381,4562.30273438
19382,4781.24902344
19383,6983.87158203
19384,4265.27197266
19385,4345.99902344
19386,3840.58178711
19387,5992.43164062
19388,4060.73046875
19389,6046.51708984
19390,6393.40429688
19391,7047.47509766
19392,5729.20849609
19393,5780.80761719
19394,4693.91650391
19395,3690.38134766
19396,3872.04858398
19397,8012.51757812
19398,6655.03662109
19399,7953.29589844
19400,13419.1064453
19401,4003.62133789
19402,3674.12866211
19403,4318.90527344
19404,6866.60986328
19405,7219.00927734
19406,5498.79931641
19407,6081.55664062
19408,6170.70019531
19409,5833.10546875
19410,4803.25927734
19411,3979.6862793
19412,3516.74926758
19413,3784.20288086
19414,3025.58886719
19415,3521.88256836
19416,5953.29833984
19417,12353.1074219
19418,5302.49072266
19419,3952.48461914
19420,5323.171875
19421,3169.28271484
19422,5198.95019531
19423,3092.45776367
19424,7518.12109375
19425,5263.97460938
19426,5218.37597656
19427,10423.1982422
19428,10841.2216797
19429,4116.96923828
19430,5585.63720703
19431,3215.34619141
19432,4580.65234375
19433,4625.50830078
19434,6303.93554688
19435,3714.52197266
19436,3521.60009766
19437,4687.60791016
19438,4318.15527344
19439,5108.46044922
19440,5224.49267578
19441,3550.65039062
19442,5670.62207031
19443,6448.09912109
19444,5128.37548828
19445,3230.39282227
19446,3162.86743164
19447,6500.09960938
19448,3511.44262695
19449,8109.40722656
19450,3175.42016602
19451,3957.35131836
19452,4975.99316406
19453,4304.94921875
19454,3765.453125
19455,4363.31201172
19456,4998.19384766
19457,7715.29882812
19458,7225.63574219
19459,4516.25439453
19460,3435.40185547
19461,4761.94628906
19462,4578.85253906
19463,3598.47363281
19464,4372.83740234
19465,4786.76171875
19466,9347.59667969
19467,5895.08544922
19468,5078.47460938
19469,6343.98144531
19470,3607.13452148
19471,7609.19970703
19472,4320.07128906
19473,9978.27832031
19474,4709.48779297
19475,3923.27490234
19476,3784.99365234
19477,3074.31201172
19478,6153.71923828
19479,16130.9775391
19480,3232.18066406
19481,3951.88891602
19482,6917.41064453
19483,5113.08203125
19484,5473.91064453
19485,6452.21533203
19486,4603.96533203
19487,4035.52246094
19488,3593.23583984
19489,7913.05664062
19490,4541.32275391
19491,5910.66455078
19492,6722.70849609
19493,3941.55810547
19494,6512.48046875
19495,4874.96582031
19496,3318.22216797
19497,7161.74316406
19498,7621.54052734
19499,3601.14208984
19500,6121.16455078
19501,4898.27636719
19502,4106.42626953
19503,6924.67871094
19504,5111.8046875
19505,5929.86425781
19506,3735.0378418
19507,3425.27075195
19508,6452.76318359
19509,2926.52099609
19510,6284.20800781
19511,3059.55444336
19512,4831.51025391
19513,3977.93286133
19514,4737.21923828
19515,5115.05322266
19516,5585.00878906
19517,4938.55224609
19518,6536.21484375
19519,4428.70166016
19520,5792.91845703
19521,5259.80371094
19522,6208.98730469
19523,7460.34033203
19524,6328.6484375
19525,2472.87011719
19526,4765.11376953
19527,5752.97998047
19528,3351.80517578
19529,9064.16210938
19530,4101.34082031
19531,4567.99853516
19532,7798.15185547
19533,5280.26806641
19534,2878.58740234
19535,9537.32714844
19536,8402.125
19537,4936.67333984
19538,6036.43212891
19539,7720.51025391
19540,4489.87207031
19541,4176.10546875
19542,5339.92382812
19543,4099.41259766
19544,4496.73388672
19545,5873.3984375
19546,3633.57836914
19547,6143.59082031
19548,5594.28076172
19549,4761.64697266
19550,5625.84667969
19551,5041.97998047
19552,5001.60888672
19553,4242.11132812
19554,6099.87939453
19555,5516.77685547
19556,5067.42724609
19557,5325.59960938
19558,4968.59472656
19559,7630.63232422
19560,4268.74755859
19561,4169.98242188
19562,4541.96386719
19563,5918.61914062
19564,6013.18115234
19565,3969.74487305
19566,3166.24853516
19567,6763.29101562
19568,6574.38671875
19569,4385.25976562
19570,5895.64208984
19571,5090.36132812
19572,5137.89355469
19573,3907.31982422
19574,2064.18969727
19575,4967.8125
19576,5203.30126953
19577,4577.18896484
19578,6902.90429688
19579,6712.78955078
19580,4035.3840332
19581,6076.51171875
19582,3173.36987305
19583,2160.6003418
19584,5295.37939453
19585,9449.78710938
19586,5990.25976562
19587,5385.56152344
19588,3236.66699219
19589,5235.44726562
19590,5708.74121094
19591,4550.48925781
19592,5956.546875
19593,3457.10620117
19594,3978.57788086
19595,4156.92480469
19596,4131.37158203
19597,4166.79394531
19598,3753.63989258
19599,3268.54858398
19600,3289.71704102
19601,5515.29833984
19602,5057.6875
19603,3761.26000977
19604,5186.69140625
19605,5626.83398438
19606,4467.80566406
19607,5119.48535156
19608,6927.01757812
19609,5861.84667969
19610,4463.69921875
19611,2697.17138672
19612,8041.38085938
19613,4880.390625
19614,4005.14160156
19615,6077.71191406
19616,6312.76855469
19617,5574.84326172
19618,4813.73535156
19619,5950.90283203
19620,7002.20800781
19621,10136.25
19622,3599.81616211
19623,3380.87402344
19624,3746.72827148
19625,4865.01074219
19626,4460.05175781
19627,6055.55517578
19628,6618.77636719
19629,4738.87792969
19630,2822.39990234
19631,4621.0625
19632,8538.43652344
19633,3593.88696289
19634,5499.52294922
19635,3274.34423828
19636,5311.04541016
19637,5916.90917969
19638,5816.16064453
19639,6646.58056641
19640,5057.39306641
19641,3059.96582031
19642,4852.24755859
19643,5938.47900391
19644,6940.64794922
19645,5943.13720703
19646,6132.31494141
19647,4377.69140625
19648,3454.32397461
19649,7683.515625
19650,3564.26220703
19651,8325.8046875
19652,4801.83935547
19653,3550.43383789
19654,5484.77099609
19655,4834.84814453
19656,5480.66064453
19657,6706.86328125
19658,3043.15698242
19659,3468.8269043
19660,5308.78173828
19661,6100.00732422
19662,7905.32421875
19663,4453.55175781
19664,4850.04052734
19665,3979.59521484
19666,4826.30078125
19667,4020.35717773
19668,7787.09228516
19669,7068.68066406
19670,9942.87207031
19671,3487.35058594
19672,4505.00732422
19673,8440.92089844
19674,7503.78662109
19675,3544.04833984
19676,7893.96240234
19677,5208.78369141
19678,4117.19287109
19679,3716.93920898
19680,3684.24365234
19681,4401.7890625
19682,4378.58056641
19683,3744.9987793
19684,3777.67114258
19685,6264.97265625
19686,5840.60498047
19687,19860.3535156
19688,5100.48046875
19689,3355.71484375
19690,5338.00878906
19691,8732.61035156
19692,4842.19140625
19693,5723.28759766
19694,4741.96630859
19695,6149.16015625
19696,5656.22558594
19697,3506.65576172
19698,4522.63037109
19699,5029.63964844
19700,6088.83496094
19701,5584.70019531
19702,7745.41845703
19703,3565.49316406
19704,3467.55639648
19705,3662.13037109
19706,7204.07617188
19707,8144.74560547
19708,6831.49658203
19709,5670.53027344
19710,3283.88183594
19711,4483.41357422
19712,2972.84082031
19713,6407.40869141
19714,7228.11083984
19715,8035.16308594
19716,3928.00830078
19717,3507.27807617
19718,3574.70214844
19719,4898.20654297
19720,7841.35107422
19721,4705.89111328
19722,3419.81835938
19723,3610.69433594
19724,5638.98242188
19725,2790.4675293
19726,5729.49267578
19727,2910.34228516
19728,5047.52783203
19729,5053.90185547
19730,4528.22460938
19731,5702.42871094
19732,4973.50195312
19733,4004.75561523
19734,5574.58789062
19735,5010.31835938
19736,7538.80126953
19737,4491.92382812
19738,5946.84521484
19739,6737.22167969
19740,6939.43603516
19741,4814.12597656
19742,6544.93017578
19743,3043.38330078
19744,4140.63134766
19745,4397.390625
19746,5107.37890625
19747,7062.66259766
19748,5197.140625
19749,4077.74755859
19750,5167.76269531
19751,5371.35595703
19752,6489.93359375
19753,3022.8449707
19754,9309.96777344
19755,3146.91040039
19756,4865.64208984
19757,6322.39746094
19758,3658.9140625
19759,3915.5769043
19760,4520.79248047
19761,5346.05957031
19762,3923.28613281
19763,4007.74804688
19764,5867.99462891
19765,6162.92382812
19766,4553.19921875
19767,3651.69604492
19768,5998.39599609
19769,9285.40332031
19770,5387.10791016
19771,4418.54052734
19772,4550.09863281
19773,5285.28222656
19774,4775.22851562
19775,5731.65136719
19776,2855.11987305
19777,5651.24267578
19778,4707.94726562
19779,5244.11425781
19780,7258.22509766
19781,3579.52368164
19782,3560.99975586
19783,3302.01049805
19784,5795.21191406
19785,6982.35302734
19786,3869.85888672
19787,3416.69433594
19788,4872.84619141
19789,4176.81396484
19790,4125.22802734
19791,5992.68847656
19792,5098.28710938
19793,5761.74462891
19794,4276.32421875
19795,3686.52880859
19796,4202.04638672
19797,6473.50732422
19798,5964.13134766
19799,5757.17382812
19800,5821.77246094
19801,4276.05078125
19802,6974.69189453
19803,4153.88037109
19804,4416.22314453
19805,6664.03710938
19806,4533.55761719
19807,7913.71337891
19808,6215.28613281
19809,5370.12158203
19810,4096.34033203
19811,5962.80029297
19812,5127.26513672
19813,4640.37451172
19814,3023.89794922
19815,4294.19970703
19816,5943.21630859
19817,3871.39111328
19818,3046.8840332
19819,6364.32714844
19820,5305.29833984
19821,4821.88330078
19822,4231.00585938
19823,3858.2331543
19824,5577.95996094
19825,5224.14355469
19826,4576.59033203
19827,4096.78955078
19828,4461.27294922
19829,4916.07714844
19830,2787.31469727
19831,5698.89404297
19832,3582.65991211
19833,6360.953125
19834,5715.08886719
19835,4854.12255859
19836,9079.83203125
19837,3965.61938477
19838,3735.64355469
19839,8060.79345703
19840,4906.24462891
19841,5842.85058594
19842,5969.98779297
19843,3796.18115234
19844,4696.07080078
19845,4434.66992188
19846,6092.35546875
19847,8379.33300781
19848,5698.14941406
19849,2087.55419922
19850,3612.21362305
19851,6456.52441406
19852,6436.62695312
19853,4323.95458984
19854,5040.43115234
19855,3615.64013672
19856,4185.40478516
19857,2670.18383789
19858,3843.1472168
19859,4678.16064453
19860,5248.49267578
19861,5219.73535156
19862,4578.62988281
19863,6342.04541016
19864,6227.58154297
19865,5815.41162109
19866,3554.48681641
19867,7419.57958984
19868,6802.45751953
19869,3831.92382812
19870,5816.94287109
19871,3688.96313477
19872,5108.53857422
19873,2471.47973633
19874,5409.47119141
19875,3434.83837891
19876,7229.01367188
19877,5581.07910156
19878,5924.77587891
19879,6628.22705078
19880,4262.5546875
19881,5919.29638672
19882,15495.7011719
19883,7091.74267578
19884,3983.63623047
19885,2238.16064453
19886,4578.70800781
19887,6058.42041016
19888,4923.69873047
19889,10756.4257812
19890,16869.0742188
19891,3231.05224609
19892,3853.81567383
19893,7323.27880859
19894,3345.18017578
19895,5531.90527344
19896,4495.97070312
19897,5871.30371094
19898,4153.19873047
19899,4906.12304688
19900,4559.91845703
19901,5962.47607422
19902,6508.17089844
19903,4706.70800781
19904,4333.98535156
19905,5420.68945312
19906,3761.02319336
19907,3835.01733398
19908,6131.55419922
19909,4021.87207031
19910,4121.42089844
19911,5340.39208984
19912,5040.14746094
19913,4626.07275391
19914,5455.58300781
19915,5306.91308594
19916,6351.04052734
19917,7833.12841797
19918,5813.57080078
19919,4664.75244141
19920,2513.56469727
19921,4971.49560547
19922,5153.08447266
19923,4212.87109375
19924,3554.31054688
19925,6467.90283203
19926,4831.35400391
19927,8005.0703125
19928,5367.73486328
19929,3878.75830078
19930,3922.33959961
19931,3835.26220703
19932,7076.60742188
19933,3777.40429688
19934,6385.06103516
19935,12780.9589844
19936,5587.69433594
19937,5096.52685547
19938,3422.1418457
19939,3633.2109375
19940,5284.76269531
19941,3031.08349609
19942,4431.15625
19943,7914.35498047
19944,4025.26123047
19945,11412.703125
19946,10576.5263672
19947,3959.63208008
19948,5053.98339844
19949,4972.46337891
19950,5163.77636719
19951,4188.52832031
19952,8656.61523438
19953,5202.61621094
19954,7040.94482422
19955,3398.72412109
19956,6358.64160156
19957,3913.38476562
19958,7235.88476562
19959,4579.51611328
19960,4406.04833984
19961,5254.73388672
19962,5131.06201172
19963,5888.59472656
19964,7893.44287109
19965,4424.36083984
19966,7347.77392578
19967,4790.62597656
19968,7571.54589844
19969,4660.47363281
19970,3789.04663086
19971,3581.22460938
19972,6173.37255859
19973,4598.23339844
19974,5338.71630859
19975,4482.2421875
19976,6533.81542969
19977,3622.02685547
19978,7152.41162109
19979,5445.68945312
19980,2836.25634766
19981,11101.5019531
19982,13228.5986328
19983,4893.56884766
19984,5020.36962891
19985,6607.27783203
19986,7895.88232422
19987,8875.29785156
19988,4201.10107422
19989,5928.75537109
19990,4352.56201172
19991,5924.18847656
19992,3189.38525391
19993,4118.94482422
19994,4136.34033203
19995,4502.61425781
19996,6152.20507812
19997,4075.95117188
19998,3031.7487793
19999,4966.42871094
20000,2855.91796875
20001,3507.06396484
20002,4614.21337891
20003,4302.72802734
20004,6631.55957031
20005,6687.21435547
20006,5697.71484375
20007,4896.20214844
20008,4853.98828125
20009,9032.4296875
20010,5307.03955078
20011,3716.87548828
20012,3965.51367188
20013,8116.07714844
20014,3601.9597168
20015,5308.0625
20016,2520.34960938
20017,3836.83203125
20018,5292.14794922
20019,4892.86865234
20020,3938.66430664
20021,6970.84814453
20022,7270.46826172
20023,10447.4628906
20024,5171.5546875
20025,7341.11230469
20026,2567.43652344
20027,3865.35058594
20028,4506.75634766
20029,2834.94165039
20030,6454.21533203
20031,3725.24536133
20032,4361.33154297
20033,6998.28857422
20034,8457.62695312
20035,6631.33837891
20036,4190.90234375
20037,3865.60131836
20038,9981.60058594
20039,5993.94628906
20040,4485.98046875
20041,3947.36791992
20042,5108.46044922
20043,6820.55175781
20044,3406.8425293
20045,4762.80078125
20046,5685.32617188
20047,5990.13427734
20048,10783.7089844
20049,4718.28759766
20050,10620.8115234
20051,4749.98779297
20052,4054.36743164
20053,2438.94995117
20054,4683.07128906
20055,4516.3359375
20056,3769.49975586
20057,5701.97705078
20058,3999.05639648
20059,3240.55053711
20060,5285.75097656
20061,3099.53466797
20062,6464.88085938
20063,5159.05957031
20064,6146.36328125
20065,6296.75390625
20066,3625.30029297
20067,7226.50439453
20068,5327.5
20069,4180.25
20070,4721.33544922
20071,3908.74389648
20072,7718.61132812
20073,4820.30566406
20074,3533.00708008
20075,5194.38037109
20076,6175.66357422
20077,5362.77099609
20078,4443.39257812
20079,6627.92382812
20080,4828.35888672
20081,4993.36230469
20082,4728.66796875
20083,6356.87695312
20084,4377.98291016
20085,4788.68457031
20086,3831.43383789
20087,4243.68164062
20088,3729.64038086
20089,3668.32568359
20090,6273.42822266
20091,7472.88134766
20092,8271.83886719
20093,8045.73828125
20094,6061.66357422
20095,6800.00585938
20096,4227.05273438
20097,9652.12792969
20098,8311.87304688
20099,5000.61669922
20100,6583.75537109
20101,6507.37597656
20102,4290.88720703
20103,3157.9050293
20104,8740.27539062
20105,5097.64990234
20106,4989.15820312
20107,4586.17822266
20108,1807.24316406
20109,8092.24658203
20110,5146.62939453
20111,3594.28808594
20112,3875.01196289
20113,4268.34082031
20114,5555.04345703
20115,5189.97705078
20116,5076.85693359
20117,5208.23193359
20118,3390.16894531
20119,2705.13574219
20120,2528.09448242
20121,5256.62451172
20122,14097.7167969
20123,3309.41186523
20124,4459.93261719
20125,5117.68359375
20126,3944.4543457
20127,3674.45117188
20128,3777.93041992
20129,2815.23046875
20130,5677.30078125
20131,5052.74951172
20132,2831.71826172
20133,6612.80029297
20134,3552.44604492
20135,3986.11474609
20136,8533.0625
20137,5411.34912109
20138,8316.07519531
20139,3870.06201172
20140,4956.76025391
20141,3706.55078125
20142,4201.73388672
20143,12452.2216797
20144,8112.37744141
20145,5105.66943359
20146,3745.94213867
20147,3651.13891602
20148,4654.04541016
20149,3454.84448242
20150,7970.90673828
20151,4389.38623047
20152,4388.33154297
20153,5237.64501953
20154,3469.05834961
20155,4988.91064453
20156,5293.16259766
20157,5110.82958984
20158,4898.99609375
20159,2994.38745117
20160,4575.11523438
20161,4639.50244141
20162,6621.75
20163,6491.25830078
20164,5312.07910156
20165,3404.66235352
20166,6204.1328125
20167,4394.06152344
20168,3944.79296875
20169,5607.1015625
20170,5958.30322266
20171,5185.36523438
20172,4716.60888672
20173,4670.51806641
20174,4833.17431641
20175,4457.80175781
20176,5514.78320312
20177,5053.9453125
20178,4029.23339844
20179,7106.41601562
20180,4533.84326172
20181,3343.38720703
20182,8709.88476562
20183,4288.2890625
20184,2831.83837891
20185,5900.13134766
20186,6533.74023438
20187,7573.7421875
20188,4230.63476562
20189,4625.37597656
20190,4718.60253906
20191,5996.50830078
20192,4378.80615234
20193,5839.34619141
20194,2620.54931641
20195,4000.60546875
20196,4407.28466797
20197,3946.09130859
20198,3601.67114258
20199,4909.71337891
20200,5129.75
20201,5133.26464844
20202,6075.53271484
20203,4683.10693359
20204,6255.84277344
20205,3754.87182617
20206,5092.15332031
20207,4907.71875
20208,5798.60644531
20209,5979.76171875
20210,2446.06323242
20211,7054.28759766
20212,4942.92138672
20213,5458.85742188
20214,4180.40185547
20215,3357.91162109
20216,5907.49707031
20217,4748.98242188
20218,6902.37695312
20219,4919.92382812
20220,4340.23193359
20221,5718.01123047
20222,4775.75683594
20223,3909.84008789
20224,5890.22363281
20225,4143.74121094
20226,7091.03271484
20227,7527.58544922
20228,5926.69238281
20229,3558.90771484
20230,3882.04907227
20231,3164.52148438
20232,2604.4296875
20233,5955.72363281
20234,4003.56030273
20235,6870.12744141
20236,3378.97192383
20237,4418.81005859
20238,4689.75878906
20239,6467.1875
20240,4102.07666016
20241,4257.19921875
20242,3791.45849609
20243,5970.59716797
20244,4136.49023438
20245,5422.1015625
20246,6111.74853516
20247,6957.83496094
20248,5481.24609375
20249,5492.25244141
20250,4497.0
20251,3560.66650391
20252,3904.94995117
20253,7873.12646484
20254,6413.40039062
20255,7898.49609375
20256,13139.9609375
20257,4036.46166992
20258,3598.81713867
20259,4446.72167969
20260,6752.79052734
20261,7035.60058594
20262,5308.54833984
20263,6077.421875
20264,5841.65283203
20265,5550.76416016
20266,4615.88183594
20267,3809.34179688
20268,3605.65161133
20269,3650.12890625
20270,3032.66894531
20271,3534.09936523
20272,5868.11230469
20273,12429.1679688
20274,5180.01660156
20275,3861.48461914
20276,4978.64746094
20277,3067.34570312
20278,4877.27294922
20279,3259.20483398
20280,7594.89355469
20281,5053.73779297
20282,5347.02880859
20283,10225.0576172
20284,10331.28125
20285,3980.46850586
20286,5466.82470703
20287,3069.33886719
20288,4408.18408203
20289,4582.80664062
20290,6136.51025391
20291,3579.21313477
20292,3329.75170898
20293,4650.11376953
20294,4304.35839844
20295,5349.14550781
20296,4935.34570312
20297,3692.4909668
20298,5471.01855469
20299,6322.35595703
20300,4864.46777344
20301,3111.93383789
20302,2882.49658203
20303,6514.05859375
20304,3491.70483398
20305,7941.27392578
20306,3172.99462891
20307,3879.79077148
20308,4941.28564453
20309,4230.46533203
20310,3764.54101562
20311,4125.21289062
20312,4798.01171875
20313,7433.484375
20314,6905.34716797
20315,4340.24853516
20316,3581.9284668
20317,4744.19189453
20318,4619.44091797
20319,3754.60302734
20320,4325.69140625
20321,4826.44384766
20322,9230.05078125
20323,5782.12011719
20324,4915.15380859
20325,5943.67529297
20326,3593.84594727
20327,7485.88623047
20328,4334.59716797
20329,9498.99023438
20330,4529.26123047
20331,3836.33447266
20332,3930.17456055
20333,2505.67529297
20334,5979.88769531
20335,15869.5644531
20336,2955.1315918
20337,3888.88378906
20338,7114.36474609
20339,4940.20654297
20340,5183.22412109
20341,6123.41308594
20342,4397.55859375
20343,4006.51708984
20344,3603.30688477
20345,7944.69091797
20346,4412.58007812
20347,5746.90332031
20348,6277.83349609
20349,4036.00390625
20350,6518.45898438
20351,4985.73779297
20352,3219.87060547
20353,7111.19628906
20354,8136.33691406
20355,3549.13354492
20356,5902.50683594
20357,4833.77832031
20358,3996.21923828
20359,6811.11181641
20360,4846.94580078
20361,5900.13720703
20362,3626.74951172
20363,3264.99609375
20364,5900.45214844
20365,2987.76196289
20366,6230.10058594
20367,2985.47119141
20368,4804.06152344
20369,4008.93334961
20370,4661.046875
20371,5080.92138672
20372,5502.22558594
20373,4728.37060547
20374,6336.52490234
20375,4450.40039062
20376,5760.93701172
20377,5003.6796875
20378,5692.91748047
20379,7348.21533203
20380,6426.19189453
20381,2431.94458008
20382,4813.70800781
20383,5896.40673828
20384,3314.20458984
20385,8842.60546875
20386,4000.17797852
20387,4616.74511719
20388,7879.49707031
20389,5504.29882812
20390,2853.28491211
20391,9920.40234375
20392,8188.01367188
20393,4867.97265625
20394,6139.60742188
20395,8331.37304688
20396,4413.99902344
20397,4289.49560547
20398,5180.07568359
20399,4174.34863281
20400,4334.51416016
20401,5557.72021484
20402,3663.61523438
20403,6123.44824219
20404,5297.62792969
20405,4772.65136719
20406,5221.93164062
20407,4980.12939453
20408,4982.30517578
20409,4227.07666016
20410,5924.25634766
20411,5307.35888672
20412,4993.10498047
20413,5210.57763672
20414,4929.36132812
20415,7655.85644531
20416,4107.5703125
20417,4098.25927734
20418,4470.09912109
20419,5418.01708984
20420,6098.0703125
20421,3864.33666992
20422,3146.65209961
20423,6046.52246094
20424,6169.88183594
20425,4390.25732422
20426,5800.21630859
20427,4971.39599609
20428,4494.546875
20429,3673.12646484
20430,2072.79858398
20431,4780.64257812
20432,5001.27001953
20433,4842.21435547
20434,7062.22509766
20435,6253.87402344
20436,4023.99047852
20437,6250.55224609
20438,3239.70068359
20439,2301.21337891
20440,5187.37890625
20441,9703.79980469
20442,5522.19970703
20443,5208.76855469
20444,3216.80029297
20445,5138.58496094
20446,5504.51416016
20447,4384.46533203
20448,6348.17041016
20449,3409.18334961
20450,4509.84423828
20451,4096.51611328
20452,4059.06152344
20453,4151.96289062
20454,3687.33081055
20455,3316.23486328
20456,3348.67944336
20457,5344.94824219
20458,5181.00976562
20459,3600.9152832
20460,5406.11279297
20461,5341.72705078
20462,4235.64941406
20463,4967.80273438
20464,6552.42578125
20465,5591.39453125
20466,4215.34326172
20467,2753.58447266
20468,8555.25292969
20469,4708.67480469
20470,3996.65356445
20471,6126.08300781
20472,6070.56787109
20473,5333.54052734
20474,4661.10058594
20475,5702.39599609
20476,6897.17822266
20477,9725.37011719
20478,3602.68798828
20479,3340.48608398
20480,3565.44213867
20481,4848.31982422
20482,4358.27880859
20483,5903.21044922
20484,6485.43505859
20485,4648.21972656
20486,2967.34960938
20487,4672.2109375
20488,8725.64941406
20489,3560.15722656
20490,5254.04736328
20491,3351.61669922
20492,5131.67333984
20493,5615.36523438
20494,5657.12158203
20495,6343.83007812
20496,5175.85302734
20497,2980.01342773
20498,4798.00732422
20499,6006.91601562
20500,6676.70458984
20501,5562.10595703
20502,5804.17382812
20503,4204.53662109
20504,3429.96606445
20505,7675.27539062
20506,3453.18408203
20507,8479.046875
20508,4755.30566406
20509,3452.73608398
20510,5381.96191406
20511,4911.77490234
20512,5406.86035156
20513,6760.11816406
20514,3178.1628418
20515,3490.69580078
20516,5156.94921875
20517,6131.99951172
20518,7628.68212891
20519,4310.6484375
20520,4878.01269531
20521,3926.68212891
20522,4754.75683594
20523,4010.90332031
20524,7367.70458984
20525,6960.78222656
20526,9914.14160156
20527,3505.2043457
20528,4554.43261719
20529,8239.47558594
20530,7583.29785156
20531,3676.91259766
20532,7844.73242188
20533,5049.65185547
20534,4163.83789062
20535,3660.2265625
20536,3572.09106445
20537,4574.32080078
20538,4237.18554688
20539,3817.27905273
20540,3908.1472168
20541,6081.81787109
20542,5632.58496094
20543,19867.4570312
20544,4647.06298828
20545,3683.60400391
20546,5365.13427734
20547,9165.89453125
20548,5131.03710938
20549,6324.19482422
20550,5152.24365234
20551,6522.72558594
20552,5992.24267578
20553,3661.16259766
20554,4967.57519531
20555,5643.73339844
20556,6438.14355469
20557,6087.01171875
20558,8368.19824219
20559,3965.328125
20560,3725.35205078
20561,4328.81201172
20562,7912.64941406
20563,9363.10449219
20564,7041.44824219
20565,6597.62353516
20566,3049.36425781
20567,4932.68652344
20568,3193.84887695
20569,7129.45849609
20570,8277.33203125
20571,8757.33984375
20572,4591.96533203
20573,3890.76123047
20574,3617.86230469
20575,5644.34179688
20576,8554.92675781
20577,5361.76318359
20578,4066.99487305
20579,4073.19140625
20580,6073.32470703
20581,3040.3972168
20582,6086.14111328
20583,3313.57861328
20584,5576.57128906
20585,5299.17919922
20586,4840.0625
20587,6255.50878906
20588,5474.42236328
20589,4389.37792969
20590,6070.93310547
20591,5808.10546875
20592,8336.4765625
20593,5126.56103516
20594,6353.20410156
20595,7589.27441406
20596,7524.47705078
20597,5555.37255859
20598,6957.67529297
20599,3319.42529297
20600,4381.65576172
20601,5008.30224609
20602,6018.48339844
20603,7945.70605469
20604,6084.21386719
20605,4535.06298828
20606,6062.58251953
20607,5955.01318359
20608,6958.59130859
20609,3423.13769531
20610,9536.23535156
20611,3508.04785156
20612,5464.56201172
20613,6836.22167969
20614,3882.48608398
20615,4640.43652344
20616,4947.921875
20617,6127.140625
20618,4584.74365234
20619,4457.96337891
20620,6773.64648438
20621,6908.99707031
20622,5233.14599609
20623,4196.75878906
20624,6574.61230469
20625,10560.640625
20626,5808.91455078
20627,5146.48681641
20628,5098.42773438
20629,5745.65917969
20630,5286.73388672
20631,6488.00878906
20632,3287.59619141
20633,6706.47949219
20634,5230.13671875
20635,6097.49462891
20636,8536.26171875
20637,3878.19580078
20638,3978.0012207
20639,3803.07885742
20640,6533.66552734
20641,7502.16894531
20642,4334.80371094
20643,3795.63061523
20644,5529.12548828
20645,4682.24951172
20646,4520.89599609
20647,6394.18505859
20648,5608.19824219
20649,6283.74658203
20650,4727.92871094
20651,4110.63916016
20652,4855.36816406
20653,6961.61230469
20654,6472.30908203
20655,6583.64257812
20656,6802.30224609
20657,4941.99267578
20658,8263.23535156
20659,4553.09912109
20660,4829.02197266
20661,7757.81738281
20662,5157.82470703
20663,8556.56738281
20664,6665.42285156
20665,6120.18408203
20666,4473.78466797
20667,6445.45556641
20668,5892.78613281
20669,5102.59228516
20670,3202.20214844
20671,4507.14794922
20672,6441.15332031
20673,4315.72558594
20674,3181.29931641
20675,7085.81298828
20676,5665.97802734
20677,5293.56640625
20678,4632.77636719
20679,4286.77587891
20680,6010.70410156
20681,5884.72558594
20682,4930.57910156
20683,4486.88769531
20684,4975.171875
20685,5657.15380859
20686,2985.80151367
20687,5738.23242188
20688,3958.09863281
20689,7000.55126953
20690,6249.4375
20691,5267.37011719
20692,10117.0976562
20693,4276.12451172
20694,4158.0390625
20695,8851.85449219
20696,5321.68945312
20697,6856.58300781
20698,6563.55957031
20699,4394.66503906
20700,5307.43994141
20701,4926.29199219
20702,6652.76464844
20703,9394.27832031
20704,6501.37695312
20705,2310.42456055
20706,3804.51928711
20707,7043.60449219
20708,7351.45410156
20709,4781.6640625
20710,5758.50878906
20711,4009.70581055
20712,4386.15527344
20713,3117.1809082
20714,4060.38989258
20715,5191.20507812
20716,5884.20947266
20717,5448.40136719
20718,5315.01318359
20719,7122.0703125
20720,6920.94824219
20721,6480.99511719
20722,3882.34521484
20723,8042.17822266
20724,7841.19433594
20725,4336.92138672
20726,6486.06591797
20727,4425.84667969
20728,5766.48388672
20729,2905.84350586
20730,5588.13671875
20731,4010.00439453
20732,7903.67333984
20733,6350.91357422
20734,6920.39355469
20735,7104.10546875
20736,4680.56591797
20737,6802.63330078
20738,16554.3769531
20739,7914.75488281
20740,4589.25048828
20741,2429.7331543
20742,5458.83691406
20743,6394.30078125
20744,5527.90185547
20745,11146.1259766
20746,17802.5527344
20747,3441.98876953
20748,4239.328125
20749,8387.02441406
20750,3667.02758789
20751,6116.30908203
20752,4850.59082031
20753,6570.71337891
20754,4465.49609375
20755,5482.96142578
20756,5125.74414062
20757,6654.28125
20758,7368.35107422
20759,5384.62646484
20760,4908.68798828
20761,5932.33642578
20762,4169.17138672
20763,4241.56494141
20764,7028.49804688
20765,4556.27490234
20766,4809.42138672
20767,5854.27539062
20768,5148.32861328
20769,4841.13818359
20770,5976.4375
20771,5835.48779297
20772,7785.22851562
20773,9871.671875
20774,5917.75537109
20775,4815.56298828
20776,2897.86108398
20777,5430.34130859
20778,5693.98779297
20779,4964.48242188
20780,3876.6237793
20781,6810.82617188
20782,5295.95507812
20783,9010.58300781
20784,5697.77441406
20785,4455.11523438
20786,4433.48583984
20787,4564.11328125
20788,8033.97509766
20789,4211.58105469
20790,7041.03857422
20791,13905.1054688
20792,6340.25488281
20793,5501.88427734
20794,3918.44995117
20795,4020.69848633
20796,5861.03027344
20797,3307.26269531
20798,4695.61816406
20799,8460.88671875
20800,4688.87304688
20801,11919.0742188
20802,11405.0205078
20803,4474.60839844
20804,5536.92578125
20805,5305.41503906
20806,5549.23974609
20807,4673.30761719
20808,9660.8671875
20809,5847.8515625
20810,7543.53466797
20811,3776.16162109
20812,6998.00146484
20813,4375.76220703
20814,7856.08349609
20815,5168.67431641
20816,4949.58300781
20817,5860.80664062
20818,5579.22607422
20819,6824.77490234
20820,8505.23242188
20821,5140.99707031
20822,8140.69921875
20823,5659.24804688
20824,8712.45996094
20825,4767.47314453
20826,4276.34472656
20827,4112.84375
20828,6857.08007812
20829,5187.26513672
20830,6195.26855469
20831,5357.96972656
20832,7485.52929688
20833,3969.89624023
20834,7257.7890625
20835,5826.73291016
20836,3160.94604492
20837,11560.7539062
20838,14384.8544922
20839,5673.17529297
20840,5679.74853516
20841,7287.37353516
20842,8569.33300781
20843,9554.55273438
20844,4533.67919922
20845,6505.96728516
20846,5000.31103516
20847,6611.46337891
20848,3553.64941406
20849,4462.34960938
20850,4543.875
20851,4936.88525391
20852,6702.53369141
20853,4305.59423828
20854,3387.00097656
20855,5686.31298828
20856,3076.61791992
20857,3877.6706543
20858,4778.49072266
20859,4901.13623047
20860,7475.5546875
20861,7595.69775391
20862,6255.75341797
20863,5728.39990234
20864,5471.12841797
20865,9742.43457031
20866,5710.06494141
20867,4069.08276367
20868,4386.02148438
20869,9513.26074219
20870,3872.95361328
20871,6396.43554688
20872,3042.97973633
20873,4181.41064453
20874,5873.6953125
20875,5650.65527344
20876,4498.39013672
20877,8070.68701172
20878,8415.16601562
20879,11359.5996094
20880,5643.90039062
20881,8154.54003906
20882,2893.42456055
20883,4135.84277344
20884,5201.80761719
20885,3047.0234375
20886,6958.45214844
20887,4096.27392578
20888,4748.89160156
20889,7719.97314453
20890,9033.04980469
20891,7461.60693359
20892,4629.96240234
20893,4251.03515625
20894,11526.7119141
20895,6647.61425781
20896,4834.41455078
20897,4450.01855469
20898,5874.37304688
20899,7260.94628906
20900,3758.04296875
20901,5402.75146484
20902,6364.64892578
20903,6467.40966797
20904,11376.2197266
20905,5490.60742188
20906,11396.5068359
20907,5568.81103516
20908,4559.93164062
20909,2632.39501953
20910,5133.77392578
20911,5049.40576172
20912,4403.32617188
20913,6254.54199219
20914,4395.63769531
20915,3707.37817383
20916,5835.42626953
20917,3242.17407227
20918,7036.00341797
20919,5835.02001953
20920,6690.19970703
20921,7106.69384766
20922,4073.9375
20923,7641.34619141
20924,5853.52685547
20925,4890.21386719
20926,5343.65332031
20927,4314.86572266
20928,8642.81347656
20929,5513.81494141
20930,3706.64624023
20931,5754.35742188
20932,7097.02734375
20933,5869.19824219
20934,4905.44433594
20935,7328.15576172
20936,5246.83056641
20937,5456.60351562
20938,5200.70117188
20939,7221.06835938
20940,4714.19384766
20941,5269.61621094
20942,4334.63378906
20943,4838.640625
20944,4022.50537109
20945,4118.60742188
20946,7155.51611328
20947,8435.01367188
20948,9373.86230469
20949,8940.76953125
20950,6975.25732422
20951,7603.51171875
20952,4611.76220703
20953,10658.4902344
20954,9049.72851562
20955,5732.515625
20956,7112.34277344
20957,6839.09814453
20958,4642.49951172
20959,3463.4309082
20960,9495.16699219
20961,5553.24267578
20962,5520.61425781
20963,5030.25830078
20964,1930.46899414
20965,8716.38378906
20966,5961.26464844
20967,3886.35424805
20968,4167.87890625
20969,4471.08007812
20970,5875.63427734
20971,5673.35449219
20972,5960.01953125
20973,5748.59179688
20974,3765.6472168
20975,3128.64477539
20976,2693.81567383
20977,5874.36230469
20978,14843.3496094
20979,3466.80566406
20980,5117.15625
20981,5604.38037109
20982,4226.12890625
20983,4384.78710938
20984,4254.13867188
20985,3116.8894043
20986,6569.14013672
20987,5776.85058594
20988,2958.51367188
20989,7442.78515625
20990,3911.09350586
20991,4376.35058594
20992,10225.7890625
20993,6135.19921875
20994,8864.94238281
20995,4090.93969727
20996,5211.29785156
20997,3906.46240234
20998,4668.70068359
20999,13285.7363281
21000,9278.29492188
21001,5737.87109375
21002,4157.16210938
21003,4110.27880859
21004,5135.97265625
21005,3730.99243164
21006,8797.38183594
21007,4661.87402344
21008,4925.73242188
21009,5957.34814453
21010,3814.14868164
21011,5285.77099609
21012,5346.14160156
21013,5747.23242188
21014,5437.45214844
21015,3268.40234375
21016,5051.08251953
21017,5234.36914062
21018,7423.5078125
21019,7089.92382812
21020,6002.04736328
21021,3635.11083984
21022,7025.42773438
21023,4671.17724609
21024,4347.14746094
21025,5906.91650391
21026,6777.14257812
21027,5693.22753906
21028,5493.2109375
21029,5059.35205078
21030,5579.06103516
21031,4892.49560547
21032,5995.27880859
21033,5613.39990234
21034,4444.77490234
21035,7931.88720703
21036,4923.92431641
21037,3501.48803711
21038,9776.23144531
21039,4583.58056641
21040,2906.95556641
21041,6098.14013672
21042,7336.46435547
21043,7782.72607422
21044,4444.61816406
21045,5062.38330078
21046,5165.96875
21047,6580.61669922
21048,4834.77441406
21049,7101.20556641
21050,2680.93237305
21051,4600.16357422
21052,5106.20556641
21053,4355.22412109
21054,4034.89135742
21055,5522.18359375
21056,5907.84082031
21057,5338.90039062
21058,6478.76367188
21059,5420.10546875
21060,7333.10644531
21061,4169.75976562
21062,5582.28710938
21063,5342.85839844
21064,6577.25292969
21065,6769.06054688
21066,2496.28637695
21067,7245.47070312
21068,5623.03564453
21069,6232.94775391
21070,4687.21875
21071,3380.00317383
21072,6801.97753906
21073,4838.39111328
21074,7846.22167969
21075,5593.24560547
21076,4706.64501953
21077,6502.14599609
21078,5089.07470703
21079,4273.93847656
21080,6300.68359375
21081,4542.92138672
21082,7821.00439453
21083,8505.64746094
21084,5997.18310547
21085,3819.45361328
21086,4308.89746094
21087,3521.61352539
21088,2783.99121094
21089,6656.39501953
21090,4481.99462891
21091,7355.03125
21092,3709.85107422
21093,4772.34570312
21094,5094.91796875
21095,6961.92431641
21096,4461.61328125
21097,4730.85644531
21098,4341.24658203
21099,6160.45507812
21100,4963.37890625
21101,5899.02294922
21102,6710.50390625
21103,7351.41943359
21104,6309.22900391
21105,6296.22607422
21106,5093.43603516
21107,3842.71459961
21108,4415.97851562
21109,9177.22265625
21110,6801.45263672
21111,9406.46289062
21112,13655.7626953
21113,4183.22216797
21114,4063.65209961
21115,4863.60498047
21116,7564.99169922
21117,7970.79296875
21118,5945.08154297
21119,6664.70507812
21120,6899.50097656
21121,6056.04589844
21122,5130.27392578
21123,4323.71972656
21124,4006.79248047
21125,4113.94238281
21126,3455.87304688
21127,3978.52099609
21128,6835.92871094
21129,13470.4619141
21130,5610.83105469
21131,4207.37304688
21132,5572.27001953
21133,3564.5715332
21134,5680.30126953
21135,3341.0534668
21136,8452.38476562
21137,5647.13671875
21138,5912.04589844
21139,11272.1152344
21140,11026.1914062
21141,4337.14892578
21142,6162.41845703
21143,3509.5871582
21144,4785.70263672
21145,4956.84033203
21146,7001.05224609
21147,4026.70922852
21148,3773.23754883
21149,4805.86279297
21150,4845.3515625
21151,5364.60253906
21152,5812.45068359
21153,3876.55761719
21154,6220.41601562
21155,6892.12792969
21156,5352.78466797
21157,3654.64794922
21158,3151.52172852
21159,7196.51513672
21160,3890.70166016
21161,8769.4765625
21162,3601.00805664
21163,4929.94433594
21164,5394.38378906
21165,4712.70996094
21166,4216.07128906
21167,4890.4609375
21168,5458.33691406
21169,8272.62011719
21170,7452.53125
21171,4671.10644531
21172,3945.65112305
21173,5222.38964844
21174,4938.39697266
21175,4264.81640625
21176,4809.375
21177,5051.34277344
21178,10135.7197266
21179,6714.9921875
21180,5210.09521484
21181,6310.80566406
21182,3845.45751953
21183,8207.67773438
21184,4661.78515625
21185,10257.7412109
21186,5061.80419922
21187,4302.72021484
21188,4580.578125
21189,2227.71533203
21190,6445.69482422
21191,17816.890625
21192,3429.41625977
21193,4401.99072266
21194,7562.73339844
21195,5560.72167969
21196,5566.47412109
21197,6960.09814453
21198,5033.33984375
21199,4712.5390625
21200,3926.28515625
21201,8267.51660156
21202,4770.5390625
21203,6166.61669922
21204,7312.09033203
21205,4383.16064453
21206,7318.91455078
21207,5411.45800781
21208,3372.22875977
21209,7654.35253906
21210,8384.14550781
21211,3665.60791016
21212,6849.47119141
21213,5633.69726562
21214,4622.36767578
21215,7898.01367188
21216,5607.56689453
21217,6636.04003906
21218,4094.72290039
21219,3647.32348633
21220,6311.21533203
21221,3300.12426758
21222,6745.94775391
21223,3343.25341797
21224,5376.1328125
21225,4459.36230469
21226,5316.1796875
21227,5272.16064453
21228,5972.54541016
21229,5352.70849609
21230,7401.89404297
21231,5048.38964844
21232,6581.37011719
21233,5144.50927734
21234,5999.78076172
21235,8119.34375
21236,6775.17089844
21237,2908.29394531
21238,5242.72851562
21239,6292.57519531
21240,3522.48046875
21241,10424.9580078
21242,4506.40380859
21243,5090.66259766
21244,8779.1171875
21245,5495.39111328
21246,3234.61132812
21247,10497.7851562
21248,9002.67089844
21249,5421.79101562
21250,6442.33300781
21251,8702.38574219
21252,5110.23974609
21253,4599.46142578
21254,5705.44824219
21255,4608.00683594
21256,4529.3828125
21257,6229.45898438
21258,4014.55883789
21259,6146.59179688
21260,6181.00830078
21261,5301.63134766
21262,5988.26025391
21263,5272.52294922
21264,5423.63769531
21265,4728.79003906
21266,6243.06298828
21267,5930.29394531
21268,5502.82373047
21269,5686.84472656
21270,5531.57275391
21271,8397.04492188
21272,4843.53564453
21273,4387.91308594
21274,5024.22607422
21275,6050.63623047
21276,6584.90478516
21277,4092.95019531
21278,3429.46875
21279,6162.20654297
21280,6562.07617188
21281,4790.60351562
21282,6576.79492188
21283,5367.86279297
21284,4963.56347656
21285,4525.19335938
21286,2344.0324707
21287,5422.04394531
21288,5672.33691406
21289,5243.38330078
21290,7493.70898438
21291,6641.17480469
21292,4501.22314453
21293,7054.19335938
21294,3330.63476562
21295,2372.81298828
21296,6005.57470703
21297,10223.3808594
21298,6131.76513672
21299,5800.58740234
21300,3553.84594727
21301,5565.04101562
21302,5884.31591797
21303,4817.58496094
21304,6857.40087891
21305,3600.20068359
21306,5120.97949219
21307,4510.13671875
21308,4664.49853516
21309,4741.84814453
21310,4083.47387695
21311,3905.45654297
21312,3579.55786133
21313,5601.88427734
21314,5380.24755859
21315,3980.01660156
21316,5657.05664062
21317,6145.53076172
21318,4468.32568359
21319,5292.14794922
21320,7792.2265625
21321,6329.69921875
21322,4776.24853516
21323,2997.09106445
21324,8890.87011719
21325,5296.15771484
21326,4551.13183594
21327,6929.67382812
21328,6508.98388672
21329,5900.97021484
21330,5247.03125
21331,6185.67382812
21332,7249.5625
21333,10446.5869141
21334,3782.23608398
21335,3924.5402832
21336,3866.40893555
21337,5440.91259766
21338,4732.27392578
21339,6412.82568359
21340,7115.12451172
21341,4976.43457031
21342,3293.10791016
21343,5215.1171875
21344,10258.7285156
21345,3923.00537109
21346,5829.55712891
21347,3479.55834961
21348,6122.14599609
21349,5895.23730469
21350,6318.49707031
21351,6767.98291016
21352,5729.40527344
21353,3270.3671875
21354,5292.55664062
21355,6261.43017578
21356,7346.28173828
21357,6301.70507812
21358,6630.81396484
21359,4590.41503906
21360,3910.63842773
21361,8451.84472656
21362,3652.78344727
21363,9237.82617188
21364,5273.54345703
21365,3738.96630859
21366,5957.83691406
21367,5310.71142578
21368,5806.39355469
21369,7393.4765625
21370,3761.91308594
21371,3916.67871094
21372,5658.80517578
21373,6753.89892578
21374,8716.40820312
21375,4464.70410156
21376,5135.67919922
21377,4262.359375
21378,5364.04980469
21379,4297.65869141
21380,8195.16992188
21381,7737.18554688
21382,10476.7402344
21383,4055.59765625
21384,5099.88232422
21385,8496.28222656
21386,8468.87109375
21387,3869.12426758
21388,8960.92578125
21389,5615.36523438
21390,4416.87988281
21391,4116.30566406
21392,4220.37255859
21393,5009.53027344
21394,4489.45654297
21395,4198.03662109
21396,4265.77636719
21397,6962.36914062
21398,5956.31445312
21399,21096.3046875
21400,5199.4609375
21401,3419.55395508
21402,3266.56616211
21403,3718.56323242
21404,2967.51953125
21405,4763.18652344
21406,3873.72583008
21407,6059.89453125
21408,4857.54541016
21409,3811.17016602
21410,3034.37329102
21411,5318.41650391
21412,3994.51953125
21413,3307.98193359
21414,5374.44628906
21415,4485.3984375
21416,3177.15332031
21417,3596.96044922
21418,3408.54931641
21419,9080.81054688
21420,4791.55371094
21421,5520.53564453
21422,3170.45605469
21423,4027.60424805
21424,2340.78515625
21425,4138.72412109
21426,4850.32226562
21427,7158.95703125
21428,5263.36230469
21429,2505.72558594
21430,3976.52905273
21431,5215.41552734
21432,6336.03515625
21433,3681.07495117
21434,4680.27587891
21435,4501.78955078
21436,4323.52197266
21437,2717.65820312
21438,5201.08300781
21439,3695.85620117
21440,5651.79785156
21441,5019.94335938
21442,2419.28710938
21443,6326.578125
21444,4997.04541016
21445,4114.45214844
21446,3504.88671875
21447,6263.32373047
21448,6910.17675781
21449,5209.51904297
21450,4270.81298828
21451,7454.40820312
21452,5882.89599609
21453,4916.84619141
21454,3347.1081543
21455,2111.31567383
21456,2621.89086914
21457,4050.5402832
21458,3841.13134766
21459,3893.78710938
21460,6153.79541016
21461,3865.66381836
21462,7328.93212891
21463,7055.48535156
21464,3024.41723633
21465,2632.77929688
21466,10153.3183594
21467,2997.62866211
21468,3948.08325195
21469,4767.01806641
21470,3551.07739258
21471,4818.13183594
21472,2370.86474609
21473,4336.05273438
21474,3519.22241211
21475,4357.28955078
21476,7027.33789062
21477,5874.65869141
21478,4404.76269531
21479,3061.76733398
21480,5561.65527344
21481,9743.37304688
21482,4210.11914062
21483,2432.5246582
21484,5527.54345703
21485,5148.84912109
21486,4317.36474609
21487,7402.8828125
21488,2085.43896484
21489,6513.38720703
21490,3332.31274414
21491,4847.06201172
21492,4052.04003906
21493,2216.44824219
21494,3695.20410156
21495,4353.43847656
21496,5813.12158203
21497,5827.39453125
21498,3463.84057617
21499,3974.5949707
21500,5944.31054688
21501,5264.69824219
21502,4267.97802734
21503,4219.47070312
21504,4279.36425781
21505,4876.11914062
21506,4074.38037109
21507,2815.11254883
21508,4639.34765625
21509,4328.86572266
21510,6423.65478516
21511,5174.73730469
21512,4813.51025391
21513,3344.24536133
21514,4594.96240234
21515,2843.89013672
21516,2676.37719727
21517,4007.78637695
21518,5798.02587891
21519,4632.99707031
21520,6724.26660156
21521,6011.95996094
21522,3804.4465332
21523,4500.38134766
21524,5914.70263672
21525,3834.75390625
21526,2718.00952148
21527,3852.08447266
21528,3773.92871094
21529,4065.53662109
21530,2688.76147461
21531,3505.61206055
21532,5626.78564453
21533,5279.76953125
21534,5069.15820312
21535,2487.10668945
21536,4778.90576172
21537,4998.45166016
21538,2577.45214844
21539,4506.06884766
21540,3215.38598633
21541,4681.42773438
21542,3484.19506836
21543,3185.42626953
21544,3636.93530273
21545,4046.4777832
21546,5342.88867188
21547,5894.02832031
21548,11517.0302734
21549,4001.89526367
21550,3540.41601562
21551,9289.97460938
21552,4436.7265625
21553,6459.10546875
21554,5064.63916016
21555,4481.25048828
21556,5091.59960938
21557,4151.51171875
21558,3677.19677734
21559,7709.83300781
21560,2803.97436523
21561,2532.15551758
21562,2444.60986328
21563,5642.31835938
21564,6085.83300781
21565,5314.20800781
21566,4760.32519531
21567,4018.93457031
21568,2071.63769531
21569,1880.01367188
21570,3064.15185547
21571,3939.77636719
21572,5859.68310547
21573,3785.60742188
21574,3657.9230957
21575,6740.42919922
21576,4007.74047852
21577,5490.79589844
21578,4290.09716797
21579,5085.80908203
21580,7139.28466797
21581,3123.10449219
21582,5153.76708984
21583,3455.64550781
21584,5693.05908203
21585,2539.96337891
21586,4627.20263672
21587,4032.94042969
21588,5100.71435547
21589,5113.24804688
21590,4342.4765625
21591,6203.87255859
21592,3540.54443359
21593,5453.20068359
21594,18366.7695312
21595,5503.70556641
21596,2954.41821289
21597,3106.74291992
21598,5166.62890625
21599,5465.96435547
21600,3820.44482422
21601,15345.8925781
21602,28455.1757812
21603,4792.43164062
21604,2552.41772461
21605,8568.18847656
21606,2607.12939453
21607,5488.82177734
21608,2766.52490234
21609,4194.9296875
21610,6743.40625
21611,5243.02392578
21612,4490.34716797
21613,3771.01025391
21614,6230.84375
21615,4643.34082031
21616,4645.57373047
21617,5730.83154297
21618,4729.42626953
21619,5093.71289062
21620,5923.80419922
21621,4425.41992188
21622,4955.65380859
21623,3304.99169922
21624,3345.45166016
21625,4944.72265625
21626,3750.78344727
21627,4208.27197266
21628,5771.50244141
21629,4859.11621094
21630,4908.15429688
21631,3505.41162109
21632,3163.85131836
21633,2849.82714844
21634,4514.96630859
21635,5034.68896484
21636,2590.81323242
21637,4130.96582031
21638,4426.85986328
21639,3033.20385742
21640,4560.11865234
21641,3359.40454102
21642,2754.97851562
21643,2076.15136719
21644,6039.71533203
21645,5196.26318359
21646,4265.3125
21647,13455.5927734
21648,5700.70458984
21649,3226.87866211
21650,4497.29150391
21651,2264.2331543
21652,3535.47485352
21653,3690.81445312
21654,3057.8269043
21655,8222.12695312
21656,3859.49951172
21657,7632.89648438
21658,11245.0664062
21659,4647.16015625
21660,3728.70092773
21661,3894.21435547
21662,3996.66894531
21663,4358.55322266
21664,8053.01660156
21665,4243.625
21666,6129.33251953
21667,3070.42529297
21668,4306.50634766
21669,4367.78417969
21670,4921.01757812
21671,5508.23779297
21672,4554.74560547
21673,5459.96142578
21674,8094.77832031
21675,5414.80859375
21676,5343.97412109
21677,4943.11474609
21678,7124.12207031
21679,5338.99169922
21680,6615.02099609
21681,2999.23632812
21682,4760.91113281
21683,4001.86108398
21684,4975.06787109
21685,5638.20800781
21686,6130.11572266
21687,4855.47900391
21688,4119.35351562
21689,3845.60791016
21690,5610.93212891
21691,5609.64794922
21692,2704.82470703
21693,12270.4648438
21694,15646.7773438
21695,5678.61132812
21696,5113.95019531
21697,5630.21630859
21698,6564.91845703
21699,7657.375
21700,2371.70751953
21701,3375.22827148
21702,4443.80810547
21703,5870.390625
21704,2373.74365234
21705,3634.45922852
21706,4740.04833984
21707,4428.37158203
21708,3940.53564453
21709,2865.30615234
21710,2665.97119141
21711,5625.99169922
21712,3407.11889648
21713,3575.00561523
21714,4663.50195312
21715,4071.42407227
21716,5565.40722656
21717,7544.96630859
21718,4163.71044922
21719,5825.37695312
21720,5256.55908203
21721,10887.0419922
21722,3315.29833984
21723,2487.42578125
21724,3838.02929688
21725,7436.51904297
21726,3699.06933594
21727,5338.15673828
21728,1979.49914551
21729,3293.68603516
21730,4571.19775391
21731,5868.35302734
21732,3913.90771484
21733,5938.52978516
21734,5655.43310547
21735,9744.86914062
21736,1846.56677246
21737,6200.93261719
21738,1886.35852051
21739,2960.84033203
21740,5219.10839844
21741,4252.00048828
21742,9716.9140625
21743,2360.82495117
21744,4053.85693359
21745,3000.10351562
21746,8089.07421875
21747,6114.81542969
21748,4319.93505859
21749,2679.6105957
21750,5771.66210938
21751,6293.50537109
21752,3761.78393555
21753,3803.51757812
21754,6655.62060547
21755,4918.86816406
21756,3134.61987305
21757,3862.82543945
21758,6173.59033203
21759,3148.52587891
21760,10343.3789062
21761,6384.97607422
21762,12097.7050781
21763,5535.97509766
21764,3867.45629883
21765,2014.6027832
21766,5652.53125
21767,5185.19189453
21768,3473.70776367
21769,5892.97167969
21770,4266.10205078
21771,2531.58178711
21772,5525.40332031
21773,3257.8059082
21774,6553.71337891
21775,6036.95068359
21776,6810.30712891
21777,4714.1484375
21778,3847.20410156
21779,5461.26855469
21780,5752.94726562
21781,4561.06298828
21782,5534.63427734
21783,2773.05151367
21784,8778.04492188
21785,5657.36425781
21786,3158.76660156
21787,3825.68554688
21788,4929.54443359
21789,4496.32226562
21790,3493.01416016
21791,3163.46508789
21792,4466.85986328
21793,7351.44042969
21794,4235.14892578
21795,5593.97070312
21796,3770.98510742
21797,2352.29467773
21798,4740.46044922
21799,4888.96875
21800,3079.83642578
21801,3986.35058594
21802,6355.91308594
21803,2603.83203125
21804,8354.76953125
21805,6242.84814453
21806,5649.33496094
21807,5891.96582031
21808,3941.12207031
21809,9196.12304688
21810,4548.87109375
21811,6018.90820312
21812,3787.09912109
21813,3150.13330078
21814,4169.24316406
21815,2274.95410156
21816,10493.4208984
21817,5858.37548828
21818,4807.95361328
21819,4208.24414062
21820,1281.84069824
21821,5905.82910156
21822,4938.10986328
21823,3108.09472656
21824,3534.98242188
21825,4249.81494141
21826,4801.83935547
21827,3412.90917969
21828,8112.00585938
21829,4816.44091797
21830,3204.61621094
21831,3196.16821289
21832,2625.22729492
21833,3944.83447266
21834,18510.0175781
21835,3313.87890625
21836,4612.18945312
21837,4430.45068359
21838,3530.13989258
21839,2973.85644531
21840,4511.7890625
21841,2380.81323242
21842,8592.91210938
21843,4769.09228516
21844,2542.85229492
21845,5842.66650391
21846,2228.90917969
21847,3621.0078125
21848,6725.94726562
21849,4392.46923828
21850,8604.58203125
21851,2174.56103516
21852,3874.96386719
21853,3283.47167969
21854,4010.08837891
21855,15000.2939453
21856,8306.47558594
21857,3446.33227539
21858,2799.40649414
21859,4511.52636719
21860,3584.84765625
21861,2270.37792969
21862,6362.63964844
21863,4436.18457031
21864,4827.40136719
21865,5260.10009766
21866,3931.63696289
21867,4144.75683594
21868,5469.33349609
21869,5434.96337891
21870,5893.23583984
21871,2610.97631836
21872,5131.32080078
21873,5777.09277344
21874,6964.13574219
21875,3030.03125
21876,5831.38671875
21877,2128.76806641
21878,7051.70458984
21879,4326.97900391
21880,2771.38818359
21881,3492.18115234
21882,3291.72607422
21883,4165.33935547
21884,5025.83642578
21885,3085.07080078
21886,5401.06689453
21887,4232.44287109
21888,5909.44140625
21889,6523.23583984
21890,4980.16748047
21891,5012.98583984
21892,5125.42626953
21893,2145.08520508
21894,8683.58984375
21895,3197.68408203
21896,3348.94775391
21897,4507.40576172
21898,6152.85058594
21899,8134.35058594
21900,4260.55517578
21901,3257.97387695
21902,5422.83056641
21903,5645.68261719
21904,3407.72998047
21905,5934.14746094
21906,2468.99829102
21907,3805.20141602
21908,3427.05517578
21909,2873.55273438
21910,2813.39160156
21911,5371.04882812
21912,4066.42114258
21913,5379.20556641
21914,5231.24951172
21915,6007.25390625
21916,4650.84130859
21917,3743.21655273
21918,4439.51611328
21919,4260.25
21920,5238.83398438
21921,4314.89013672
21922,1865.56079102
21923,11738.7158203
21924,5778.91699219
21925,4704.83642578
21926,5053.11132812
21927,3377.953125
21928,8462.89648438
21929,2759.68969727
21930,5729.87548828
21931,4023.33032227
21932,4273.86523438
21933,5651.42626953
21934,3537.34375
21935,3688.53393555
21936,6079.74658203
21937,2634.59619141
21938,5906.69091797
21939,7340.48193359
21940,4725.3359375
21941,2493.77612305
21942,4494.33251953
21943,3520.59936523
21944,2244.30419922
21945,3828.38671875
21946,5165.17529297
21947,3090.96850586
21948,4488.03076172
21949,4392.77929688
21950,4267.40429688
21951,7888.56542969
21952,4432.40771484
21953,5108.36328125
21954,3710.44555664
21955,4234.13916016
21956,5051.83398438
21957,4173.31738281
21958,5806.79833984
21959,6928.66894531
21960,6362.38476562
21961,4457.84423828
21962,3436.92944336
21963,2423.25219727
21964,4144.08056641
21965,7118.46435547
21966,4087.95166016
21967,4404.91015625
21968,15198.2285156
21969,2684.2890625
21970,3696.47314453
21971,3897.47363281
21972,4949.99853516
21973,6148.04003906
21974,6514.77294922
21975,5409.19189453
21976,5252.05810547
21977,6207.14599609
21978,4982.01074219
21979,4234.34082031
21980,2011.45385742
21981,4106.00732422
21982,3014.30981445
21983,2617.41845703
21984,3827.79150391
21985,14729.8535156
21986,4349.47460938
21987,2160.81054688
21988,3928.35302734
21989,3927.32641602
21990,3899.36645508
21991,1974.65856934
21992,3367.57055664
21993,5588.88818359
21994,2776.38061523
21995,10114.0585938
21996,11635.8974609
21997,2865.76391602
21998,3846.20605469
21999,3783.34033203
22000,3703.68066406
22001,3814.56005859
22002,5475.26318359
22003,3301.49389648
22004,3841.23413086
22005,4551.41015625
22006,4157.38037109
22007,3732.21704102
22008,6289.32910156
22009,3088.33935547
22010,6445.47363281
22011,5134.87597656
22012,3538.57910156
22013,2586.07421875
22014,3221.40673828
22015,3546.20263672
22016,4168.60644531
22017,6197.56787109
22018,3489.73681641
22019,2160.8828125
22020,5559.14697266
22021,3969.30566406
22022,4396.64404297
22023,3532.93969727
22024,5600.25439453
22025,7305.55126953
22026,3690.77954102
22027,4299.8359375
22028,3493.08081055
22029,3998.31640625
22030,5574.94970703
22031,3181.90014648
22032,4067.34399414
22033,4193.05371094
22034,9021.640625
22035,6356.02832031
22036,2786.54370117
22037,4350.28759766
22038,4610.41650391
22039,3347.48510742
22040,4801.72509766
22041,8743.21875
22042,5777.38476562
22043,3938.52880859
22044,3588.26220703
22045,1771.58740234
22046,3203.49121094
22047,19344.1738281
22048,1950.28271484
22049,4192.88134766
22050,3921.71850586
22051,5508.81054688
22052,4700.72265625
22053,5612.859375
22054,4962.73046875
22055,4649.421875
22056,2600.42871094
22057,5505.23339844
22058,3423.16381836
22059,5642.75927734
22060,6939.87353516
22061,3723.09960938
22062,6060.53027344
22063,5367.35595703
22064,3688.62182617
22065,4638.16162109
22066,2779.31274414
22067,2704.93554688
22068,7574.56542969
22069,5275.72216797
22070,2327.23291016
22071,6599.63720703
22072,6504.08740234
22073,3221.39453125
22074,4102.69873047
22075,2667.11450195
22076,4013.85424805
22077,3246.62768555
22078,4884.45654297
22079,2319.4921875
22080,4906.60986328
22081,2562.70117188
22082,4566.24707031
22083,5344.22900391
22084,3066.23974609
22085,4571.78662109
22086,5905.05175781
22087,5052.17626953
22088,6093.08154297
22089,4863.05273438
22090,4233.02441406
22091,5380.70947266
22092,6337.86669922
22093,3896.48095703
22094,4976.30175781
22095,4088.39648438
22096,3535.81225586
22097,9160.74707031
22098,4944.21337891
22099,4952.43115234
22100,8014.90234375
22101,5659.94433594
22102,1865.73522949
22103,8476.54882812
22104,6015.79199219
22105,5722.87255859
22106,5581.77636719
22107,5344.39257812
22108,7345.81884766
22109,4714.93994141
22110,3733.5378418
22111,3026.12573242
22112,5241.50341797
22113,6062.20703125
22114,2286.38012695
22115,8375.29003906
22116,5514.73583984
22117,4432.42431641
22118,5157.71142578
22119,3712.96313477
22120,5772.08056641
22121,3310.43798828
22122,3969.97973633
22123,4033.99072266
22124,2346.80737305
22125,4921.41650391
22126,5443.72119141
22127,5311.68896484
22128,5130.98828125
22129,3815.27685547
22130,4817.81445312
22131,5099.6875
22132,7992.09277344
22133,2627.98510742
22134,2670.49072266
22135,7515.21777344
22136,10157.2412109
22137,3643.50537109
22138,5821.42236328
22139,5789.39941406
22140,5033.87304688
22141,3148.3125
22142,1261.2388916
22143,5650.01904297
22144,4518.8828125
22145,4703.75439453
22146,8183.86035156
22147,4310.43505859
22148,3187.93139648
22149,2975.86279297
22150,3070.06225586
22151,957.242126465
22152,4935.83544922
22153,9494.70605469
22154,4094.25024414
22155,3839.27416992
22156,2951.86035156
22157,4499.41113281
22158,6834.16210938
22159,5310.47314453
22160,6825.41308594
22161,3349.40820312
22162,4137.64257812
22163,3148.96728516
22164,5308.29003906
22165,2879.97875977
22166,2371.23242188
22167,3274.10058594
22168,3642.44897461
22169,5073.86474609
22170,3444.01855469
22171,3626.42456055
22172,5030.88720703
22173,6008.06201172
22174,4719.38134766
22175,3802.91918945
22176,5447.65332031
22177,5108.76269531
22178,5145.14697266
22179,1851.51037598
22180,4262.04638672
22181,4146.60742188
22182,3389.88427734
22183,5070.76855469
22184,6806.96875
22185,4623.41748047
22186,5676.26660156
22187,4777.25585938
22188,5882.62695312
22189,10438.6289062
22190,2964.56567383
22191,2815.87109375
22192,3426.37866211
22193,4409.41210938
22194,4512.81347656
22195,5826.79980469
22196,4012.64453125
22197,5551.16650391
22198,2520.89550781
22199,5560.93408203
22200,4569.55908203
22201,2932.18139648
22202,5349.23242188
22203,3240.60913086
22204,5120.53027344
22205,4921.22900391
22206,3950.75415039
22207,4505.91796875
22208,2973.15576172
22209,4174.11376953
22210,5831.30371094
22211,3612.09619141
22212,7551.28759766
22213,3853.70532227
22214,6674.07470703
22215,4795.54101562
22216,3598.01733398
22217,5594.72363281
22218,2972.7331543
22219,7770.35449219
22220,4615.4765625
22221,3888.09741211
22222,5535.88525391
22223,4366.23925781
22224,3263.64770508
22225,4773.81201172
22226,3232.09741211
22227,2761.29614258
22228,5204.32373047
22229,3394.09106445
22230,6625.74316406
22231,4631.38867188
22232,4499.11132812
22233,3040.97753906
22234,5041.14306641
22235,2654.66918945
22236,7915.85742188
22237,4494.60693359
22238,11041.2294922
22239,5283.50244141
22240,4150.32714844
22241,12034.765625
22242,5723.15673828
22243,2700.54443359
22244,7397.77246094
22245,5400.20654297
22246,4681.21337891
22247,5202.02587891
22248,4091.43188477
22249,2986.43945312
22250,4218.33984375
22251,2897.61376953
22252,2576.54589844
22253,5715.94433594
22254,5000.25878906
22255,23570.5253906
22256,5582.63330078
22257,3813.38476562
22258,3639.24316406
22259,6176.01708984
22260,3133.63012695
22261,5645.73632812
22262,4283.1953125
22263,5406.30322266
22264,5830.5859375
22265,4072.47680664
22266,3114.65454102
22267,5537.32714844
22268,4899.15966797
22269,3826.28393555
22270,5944.95117188
22271,4859.70068359
22272,3167.88623047
22273,4118.58349609
22274,6397.98535156
22275,7371.13476562
22276,6003.19287109
22277,6616.95849609
22278,3085.02368164
22279,5204.40820312
22280,2316.53662109
22281,7291.33642578
22282,7342.7578125
22283,9407.49414062
22284,5578.73730469
22285,2514.44848633
22286,4171.92871094
22287,5767.53466797
22288,7236.56787109
22289,3736.44897461
22290,5260.46142578
22291,4413.23291016
22292,5226.95996094
22293,2542.50537109
22294,6756.59179688
22295,3899.48535156
22296,6994.31787109
22297,5869.265625
22298,3349.06298828
22299,7453.28515625
22300,6011.27197266
22301,4562.55517578
22302,3455.1875
22303,7128.78515625
22304,9462.14257812
22305,5621.35693359
22306,4724.14648438
22307,7805.21386719
22308,6408.36181641
22309,5124.92285156
22310,5237.68505859
22311,2085.68261719
22312,2573.50585938
22313,4091.17407227
22314,5917.31542969
22315,7498.03417969
22316,6778.99804688
22317,3921.49414062
22318,7657.81347656
22319,7994.96728516
22320,4707.65087891
22321,2573.60913086
22322,9674.96679688
22323,3044.39990234
22324,4112.7734375
22325,6217.95458984
22326,3529.00537109
22327,4904.95263672
22328,2610.27905273
22329,5261.06347656
22330,4800.83642578
22331,5421.07226562
22332,7658.60253906
22333,6781.49414062
22334,4452.57470703
22335,3051.23266602
22336,6772.60595703
22337,12357.1025391
22338,4982.09619141
22339,2848.16918945
22340,5972.59667969
22341,5473.98388672
22342,6038.18847656
22343,8921.98632812
22344,1897.69140625
22345,7296.83984375
22346,4417.34375
22347,5327.70849609
22348,7257.79589844
22349,2149.7565918
22350,3773.83520508
22351,4541.56542969
22352,6660.43457031
22353,6657.98876953
22354,3516.13867188
22355,4015.13330078
22356,6625.10498047
22357,5707.81591797
22358,4697.71972656
22359,5287.75292969
22360,4236.49853516
22361,5553.42822266
22362,4115.05664062
22363,2777.23876953
22364,4693.55810547
22365,5721.49755859
22366,5823.46044922
22367,6187.85693359
22368,7013.015625
22369,3810.26147461
22370,7653.59277344
22371,2855.56933594
22372,2985.55932617
22373,6777.6015625
22374,6161.77783203
22375,6571.05126953
22376,8810.93457031
22377,6265.63623047
22378,4785.01318359
22379,6044.66552734
22380,6257.41845703
22381,3862.16967773
22382,2614.63452148
22383,4498.3984375
22384,4305.76660156
22385,4392.11328125
22386,2742.20556641
22387,5066.26220703
22388,6286.61816406
22389,5805.30273438
22390,5402.75146484
22391,2436.94140625
22392,5570.80322266
22393,6310.93847656
22394,3141.93066406
22395,4899.36035156
22396,3102.32128906
22397,4921.40234375
22398,3314.79907227
22399,4004.10253906
22400,4508.46337891
22401,6513.42480469
22402,6016.92773438
22403,6213.92822266
22404,14085.4189453
22405,3761.27783203
22406,4657.53613281
22407,9166.91796875
22408,5021.32275391
22409,7322.78955078
22410,5537.64941406
22411,5060.92041016
22412,5732.53759766
22413,4316.96142578
22414,4254.86474609
22415,7379.28076172
22416,5037.35009766
22417,2381.02246094
22418,3125.1159668
22419,7058.72314453
22420,8850.06542969
22421,5760.89306641
22422,5657.24560547
22423,3908.97851562
22424,2039.53894043
22425,1703.87475586
22426,3201.88452148
22427,5361.19042969
22428,6579.67480469
22429,4413.69628906
22430,3981.5847168
22431,7645.47265625
22432,6915.78125
22433,6480.51269531
22434,4903.95214844
22435,7308.42285156
22436,7925.42919922
22437,3265.92749023
22438,4726.42236328
22439,4821.54785156
22440,6012.453125
22441,2665.24902344
22442,4995.15332031
22443,4066.07958984
22444,7338.73193359
22445,5504.3828125
22446,6155.94433594
22447,6520.98974609
22448,4543.54980469
22449,7195.20410156
22450,15607.8759766
22451,7902.49755859
22452,3333.86450195
22453,3060.33666992
22454,5775.54492188
22455,5968.96289062
22456,4353.65820312
22457,8552.46289062
22458,16930.9824219
22459,4994.73876953
22460,2485.5090332
22461,9777.6484375
22462,2796.47973633
22463,4906.66552734
22464,3142.70410156
22465,5531.40966797
22466,4158.39208984
22467,6133.54296875
22468,4847.94970703
22469,4873.85449219
22470,9239.26367188
22471,5507.47607422
22472,5743.41259766
22473,6864.85449219
22474,5046.77685547
22475,5875.90869141
22476,8432.39941406
22477,4749.17724609
22478,5200.81005859
22479,3621.06640625
22480,3245.76660156
22481,5251.86279297
22482,4208.05126953
22483,4579.02685547
22484,7661.93408203
22485,8707.69140625
22486,6393.59326172
22487,4105.71728516
22488,3456.24560547
22489,3819.97460938
22490,4544.39111328
22491,5824.36035156
22492,2580.34448242
22493,6107.95458984
22494,4889.47216797
22495,7361.39013672
22496,4852.16894531
22497,3775.48803711
22498,2846.96166992
22499,2481.1105957
22500,7833.48730469
22501,5460.25341797
22502,5495.22851562
22503,11596.3457031
22504,7021.49560547
22505,4052.35302734
22506,5180.56494141
22507,2220.8203125
22508,3714.47216797
22509,3716.4074707
22510,3306.6315918
22511,8075.58398438
22512,4291.13671875
22513,7958.97216797
22514,9640.25
22515,5625.55664062
22516,4656.66064453
22517,4397.38623047
22518,4763.15039062
22519,4332.57958984
22520,10860.1396484
22521,5397.40527344
22522,6893.44921875
22523,2944.26953125
22524,5134.44970703
22525,5072.66992188
22526,7754.53222656
22527,6128.70703125
22528,4949.91357422
22529,6141.48144531
22530,4698.00195312
22531,7683.29541016
22532,6324.20117188
22533,5962.12353516
22534,7870.01074219
22535,6427.27685547
22536,7394.2734375
22537,3348.22924805
22538,4834.83886719
22539,4549.109375
22540,7939.24462891
22541,6633.10986328
22542,6439.95507812
22543,5463.50927734
22544,7125.80761719
22545,4343.32128906
22546,6266.89697266
22547,5724.40185547
22548,2852.68457031
22549,12354.8398438
22550,14539.5292969
22551,6672.08300781
22552,5767.85351562
22553,6258.17626953
22554,7279.4609375
22555,7471.35644531
22556,2463.79541016
22557,4044.87231445
22558,5323.57324219
22559,7287.9296875
22560,2238.82617188
22561,3686.94384766
22562,4883.35253906
22563,4698.09570312
22564,4397.734375
22565,2774.25170898
22566,2645.96630859
22567,6794.26806641
22568,3423.05273438
22569,4372.36181641
22570,5127.89599609
22571,4379.39892578
22572,8400.53808594
22573,10498.4658203
22574,4838.51171875
22575,6680.96044922
22576,5907.13085938
22577,10165.1884766
22578,4236.60351562
22579,2488.21606445
22580,4813.54248047
22581,11340.7089844
22582,3902.86450195
22583,6289.54492188
22584,1798.09313965
22585,3404.55541992
22586,5638.09472656
22587,6044.71191406
22588,4806.88037109
22589,8549.11914062
22590,7893.63867188
22591,7881.48876953
22592,3847.45361328
22593,9968.42285156
22594,1790.17541504
22595,3088.82861328
22596,5553.984375
22597,4240.34716797
22598,9383.21875
22599,2290.56982422
22600,4689.11914062
22601,5025.11767578
22602,7129.27490234
22603,8567.70605469
22604,4593.27099609
22605,2886.109375
22606,8901.44238281
22607,8281.47851562
22608,3834.66601562
22609,5127.36279297
22610,7798.50146484
22611,5473.67041016
22612,4390.42480469
22613,3190.46264648
22614,6794.65722656
22615,3815.66259766
22616,10932.4912109
22617,7016.75585938
22618,12387.7001953
22619,6131.19189453
22620,4204.921875
22621,1863.68725586
22622,5676.54785156
22623,5778.43164062
22624,4452.35351562
22625,8839.60449219
22626,5466.92382812
22627,2403.90844727
22628,6560.26757812
22629,3426.296875
22630,8407.63183594
22631,6515.66796875
22632,6253.46240234
22633,7170.38330078
22634,4342.40185547
22635,6220.08984375
22636,6992.07666016
22637,4618.46240234
22638,6315.62939453
22639,2967.83642578
22640,7842.31640625
22641,5157.06689453
22642,3147.06640625
22643,4260.41650391
22644,7381.50488281
22645,5193.66162109
22646,3731.57983398
22647,4677.72265625
22648,5039.796875
22649,5001.86669922
22650,4701.98730469
22651,8826.63769531
22652,3896.02758789
22653,3201.69482422
22654,5628.29394531
22655,5199.91748047
22656,3177.32324219
22657,4690.40332031
22658,8150.02197266
22659,6659.65917969
22660,9303.92382812
22661,7552.9296875
22662,6912.90576172
22663,6490.94287109
22664,4140.62744141
22665,9476.91894531
22666,7027.49902344
22667,6469.20507812
22668,4829.32666016
22669,4684.16113281
22670,4229.14160156
22671,2039.6829834
22672,11398.1152344
22673,6186.60595703
22674,5059.66064453
22675,4410.21142578
22676,1219.54052734
22677,7218.19677734
22678,5716.60986328
22679,3668.6652832
22680,3585.24121094
22681,5072.66992188
22682,4637.82519531
22683,3729.98535156
22684,8901.83300781
22685,4939.23095703
22686,4081.34375
22687,2993.21386719
22688,2422.06298828
22689,4378.51367188
22690,11963.8798828
22691,3233.31542969
22692,5284.43505859
22693,4515.07861328
22694,3543.53100586
22695,2843.08032227
22696,5364.21337891
22697,2238.85498047
22698,8995.64160156
22699,5303.63378906
22700,2434.20898438
22701,7596.91503906
22702,2255.24926758
22703,3770.80175781
22704,9464.43554688
22705,6473.20458984
22706,8066.58496094
22707,2123.36108398
22708,4234.44580078
22709,4101.02441406
22710,3931.61450195
22711,14712.3173828
22712,10674.1669922
22713,4774.30859375
22714,2814.20605469
22715,5117.95654297
22716,3908.10986328
22717,2112.11572266
22718,7281.68310547
22719,4504.29394531
22720,5227.15917969
22721,6498.98388672
22722,4448.51611328
22723,4326.203125
22724,5441.71191406
22725,5596.74072266
22726,6301.04980469
22727,2374.0144043
22728,5268.14892578
22729,6385.93212891
22730,7006.64355469
22731,4912.58007812
22732,6738.47509766
22733,2062.43359375
22734,8517.55664062
22735,4442.17626953
22736,2749.69384766
22737,3818.61914062
22738,3909.88500977
22739,4157.51904297
22740,5924.54980469
22741,3168.48779297
22742,5469.77148438
22743,4509.03564453
22744,7204.22021484
22745,7280.63427734
22746,4811.07275391
22747,7027.3984375
22748,5844.32763672
22749,2167.54614258
22750,10075.8925781
22751,3321.75683594
22752,2878.97167969
22753,5388.61376953
22754,8788.96191406
22755,8615.14257812
22756,4133.27148438
22757,4257.49951172
22758,6140.27490234
22759,6238.11035156
22760,3978.27441406
22761,7262.50488281
22762,2453.53076172
22763,3694.3581543
22764,3555.09716797
22765,2861.06665039
22766,2623.51953125
22767,6225.21777344
22768,5505.55371094
22769,5559.49658203
22770,4431.93408203
22771,6935.74365234
22772,7207.12109375
22773,4422.48681641
22774,4860.02490234
22775,4973.76757812
22776,6278.39697266
22777,4446.08105469
22778,1690.01477051
22779,5699.30175781
22780,5719.21679688
22781,5276.44677734
22782,5074.67822266
22783,2928.18823242
22784,9001.16894531
22785,2534.98364258
22786,8066.015625
22787,4688.39453125
22788,4002.94140625
22789,6897.85595703
22790,3266.6315918
22791,3809.95605469
22792,8065.30761719
22793,2453.02392578
22794,6387.32128906
22795,8449.16113281
22796,6107.00537109
22797,2330.88916016
22798,4569.27099609
22799,3285.84643555
22800,1989.18359375
22801,4203.97070312
22802,5739.91845703
22803,4271.90087891
22804,4454.91113281
22805,4644.73193359
22806,4294.12597656
22807,8144.82373047
22808,4777.29248047
22809,5543.55810547
22810,3775.03417969
22811,4849.67041016
22812,5256.62451172
22813,5721.43212891
22814,7381.36474609
22815,6524.75390625
22816,7208.98388672
22817,4691.96923828
22818,5023.04199219
22819,2511.51269531
22820,5017.36767578
22821,7684.18212891
22822,5739.37646484
22823,6902.55517578
22824,12785.4580078
22825,2638.40039062
22826,4174.4921875
22827,3436.53588867
22828,7408.56201172
22829,8772.14453125
22830,7164.81103516
22831,6500.21777344
22832,6727.77587891
22833,7197.59960938
22834,5702.06933594
22835,4570.43457031
22836,1915.49206543
22837,4350.66943359
22838,2752.72827148
22839,2712.26269531
22840,6002.98632812
22841,15588.9384766
22842,4893.23779297
22843,2746.96069336
22844,4102.45605469
22845,3879.44287109
22846,5455.72900391
22847,1888.69812012
22848,5602.89941406
22849,6408.16064453
22850,3454.73242188
22851,10254.6982422
22852,10363.1083984
22853,2885.30419922
22854,4760.81103516
22855,3629.13061523
22856,3503.77685547
22857,3798.49926758
22858,7360.15429688
22859,3289.53491211
22860,4198.9453125
22861,4414.74902344
22862,4598.83837891
22863,4197.55175781
22864,6474.84716797
22865,3038.1706543
22866,7394.06884766
22867,5884.11425781
22868,4177.74658203
22869,3668.82617188
22870,3387.50488281
22871,4330.14160156
22872,4365.10205078
22873,8417.70996094
22874,3926.13134766
22875,3418.27880859
22876,6175.76953125
22877,4261.79052734
22878,5372.44726562
22879,4347.95605469
22880,5351.47265625
22881,8917.93652344
22882,6091.50146484
22883,5357.92871094
22884,3389.28295898
22885,4305.19970703
22886,5489.82226562
22887,3106.10888672
22888,4075.08789062
22889,4477.89599609
22890,10705.3847656
22891,6958.59814453
22892,4050.74145508
22893,5099.96044922
22894,4472.63232422
22895,5856.30273438
22896,4888.69824219
22897,8141.71679688
22898,5983.59570312
22899,4426.58935547
22900,3876.73120117
22901,1803.63061523
22902,3234.06811523
22903,19261.0742188
22904,1832.99243164
22905,4466.59130859
22906,5438.72851562
22907,5883.45751953
22908,5202.60644531
22909,7206.83935547
22910,5102.05712891
22911,5520.58789062
22912,2303.43310547
22913,7210.74462891
22914,3576.43823242
22915,6180.53710938
22916,8316.09960938
22917,3881.79345703
22918,7630.25390625
22919,6114.08691406
22920,3130.95898438
22921,5777.04345703
22922,6207.34130859
22923,2471.05664062
22924,8108.6171875
22925,5897.68945312
22926,4545.39648438
22927,8315.86914062
22928,7650.61523438
22929,5640.66064453
22930,4081.2109375
22931,3362.62060547
22932,5062.03076172
22933,3174.54174805
22934,5557.640625
22935,2084.56054688
22936,5086.51757812
22937,2506.33276367
22938,5355.40478516
22939,5027.79736328
22940,3979.24975586
22941,4727.93310547
22942,7716.17480469
22943,5089.79345703
22944,6200.54785156
22945,4998.10351562
22946,5244.33935547
22947,8359.44042969
22948,6733.20019531
22949,3789.29980469
22950,5050.08007812
22951,4728.70410156
22952,3744.984375
22953,11483.0947266
22954,5419.39160156
22955,4447.12890625
22956,8301.62792969
22957,5880.48388672
22958,1785.03344727
22959,10809.1738281
22960,7575.38183594
22961,6354.17333984
22962,6619.52148438
22963,6256.98828125
22964,7895.31787109
22965,4576.23242188
22966,3620.29956055
22967,3006.92553711
22968,5446.81152344
22969,7085.46875
22970,2376.97216797
22971,7270.33642578
22972,6178.99267578
22973,4236.53466797
22974,6213.90478516
22975,4249.21484375
22976,6255.27587891
22977,3660.65966797
22978,4537.89306641
22979,4357.33105469
22980,3428.24536133
22981,5551.63818359
22982,5885.94970703
22983,7133.11083984
22984,5433.11816406
22985,3900.65356445
22986,5515.58789062
22987,6046.48242188
22988,7187.95361328
22989,2835.57202148
22990,2468.00561523
22991,8090.83349609
22992,5619.33056641
22993,3691.98706055
22994,6474.7109375
22995,6306.55175781
22996,5360.20849609
22997,4289.26220703
22998,1171.82727051
22999,5689.6875
23000,5325.66015625
23001,4457.36816406
23002,7891.06396484
23003,6037.93505859
23004,3152.89306641
23005,4848.86962891
23006,2866.26000977
23007,830.569519043
23008,4862.78417969
23009,8933.796875
23010,4977.27978516
23011,3956.44165039
23012,2766.2175293
23013,4497.90087891
23014,6578.01855469
23015,5122.56689453
23016,8021.54833984
23017,3402.24047852
23018,4206.44189453
23019,3092.82104492
23020,5668.38867188
23021,2718.81201172
23022,2333.3347168
23023,3672.14550781
23024,3410.63085938
23025,6238.4609375
23026,3693.8190918
23027,4544.09619141
23028,4830.08154297
23029,7131.55322266
23030,4550.02978516
23031,3804.12011719
23032,8837.62304688
23033,6099.03027344
23034,5761.71191406
23035,1694.61462402
23036,4002.44506836
23037,4735.22216797
23038,3548.40209961
23039,7523.68066406
23040,7953.76660156
23041,5629.96972656
23042,5990.78564453
23043,5445.25341797
23044,6644.05175781
23045,10272.5537109
23046,2883.68212891
23047,3373.56079102
23048,4618.21582031
23049,4892.4765625
23050,5297.26904297
23051,7373.67285156
23052,5930.95019531
23053,5844.45556641
23054,2279.86791992
23055,5471.68115234
23056,7087.96972656
23057,2925.73779297
23058,5841.92529297
23059,3009.84716797
23060,5981.61572266
23061,4825.21923828
23062,4589.20703125
23063,5245.54980469
23064,3722.31835938
23065,4647.99853516
23066,6217.60986328
23067,4247.54492188
23068,7782.02099609
23069,4764.14550781
23070,7872.71337891
23071,4767.20898438
23072,3381.43530273
23073,7364.73242188
23074,2705.38476562
23075,8253.92480469
23076,5379.95996094
23077,4108.44433594
23078,6321.27587891
23079,4370.74365234
23080,3686.26855469
23081,5717.67285156
23082,2867.97509766
23083,2567.1328125
23084,5201.37597656
23085,5326.09228516
23086,9500.85742188
23087,5426.38525391
23088,4643.09277344
23089,3153.42236328
23090,5381.94091797
23091,2860.60693359
23092,8694.04882812
23093,6674.04296875
23094,12149.4482422
23095,5296.58642578
23096,4433.24902344
23097,7104.26123047
23098,7325.5703125
23099,2653.44628906
23100,7929.10400391
23101,6062.328125
23102,5084.05761719
23103,5333.3828125
23104,4127.83007812
23105,2994.62744141
23106,4773.47949219
23107,3310.75390625
23108,2461.40380859
23109,6656.50292969
23110,5338.67626953
23111,22042.4863281
23112,6215.93847656
23113,4163.76611328
23114,6915.95947266
23115,10148.0429688
23116,5847.68994141
23117,7095.05126953
23118,5513.90478516
23119,7300.97509766
23120,7705.23876953
23121,5793.42089844
23122,5627.86425781
23123,7193.47460938
23124,7475.57568359
23125,7094.65234375
23126,8152.40917969
23127,5903.50927734
23128,4888.38574219
23129,5599.69384766
23130,9958.61621094
23131,9652.25683594
23132,9530.98046875
23133,7654.08203125
23134,3715.67724609
23135,6211.17871094
23136,4449.48339844
23137,8107.03222656
23138,10529.8339844
23139,9469.60058594
23140,5761.08544922
23141,4747.38769531
23142,4401.40673828
23143,6235.43359375
23144,10268.6455078
23145,6606.86181641
23146,5268.24951172
23147,5575.67236328
23148,7360.18945312
23149,3677.90185547
23150,7486.15771484
23151,4510.10253906
23152,7130.4375
23153,7565.29443359
23154,5755.72998047
23155,7930.05664062
23156,6884.34863281
23157,5310.66015625
23158,6594.65332031
23159,7686.33007812
23160,11504.5917969
23161,6212.29248047
23162,7179.75146484
23163,7495.3671875
23164,8986.01953125
23165,6566.35888672
23166,8734.65917969
23167,4417.61279297
23168,4781.53613281
23169,5670.57861328
23170,6590.30859375
23171,9422.20214844
23172,7726.84619141
23173,5520.3984375
23174,7623.72167969
23175,6890.97753906
23176,9103.52246094
23177,3985.26318359
23178,12684.1259766
23179,4686.56152344
23180,5790.05126953
23181,8032.74902344
23182,4675.18017578
23183,6052.05615234
23184,6505.03027344
23185,7492.21484375
23186,5751.22460938
23187,5682.43115234
23188,7742.44873047
23189,8014.12255859
23190,6716.33105469
23191,4905.23388672
23192,7019.96923828
23193,12540.4423828
23194,6376.51025391
23195,4617.74951172
23196,7008.06738281
23197,5897.34619141
23198,6401.97753906
23199,7649.52783203
23200,3834.24169922
23201,8266.08203125
23202,5662.61181641
23203,7318.5234375
23204,8303.47363281
23205,4662.64794922
23206,5438.34960938
23207,5210.68652344
23208,7980.59863281
23209,9046.85351562
23210,4436.56542969
23211,4625.14648438
23212,6581.40722656
23213,5856.88378906
23214,6081.01708984
23215,8004.00878906
23216,6551.06347656
23217,7283.10693359
23218,5395.67041016
23219,4570.69189453
23220,6075.94384766
23221,8491.76074219
23222,7494.37353516
23223,8515.28222656
23224,8146.22119141
23225,5935.21728516
23226,9569.93847656
23227,5676.03320312
23228,6664.08154297
23229,8545.07617188
23230,6563.77246094
23231,9913.26171875
23232,8375.09765625
23233,7786.765625
23234,6051.70410156
23235,7409.18359375
23236,8021.69335938
23237,6280.73291016
23238,4054.12011719
23239,5198.60302734
23240,7555.30761719
23241,5770.78662109
23242,4475.88476562
23243,8315.51269531
23244,6337.61914062
23245,6194.70166016
23246,5777.75927734
23247,5073.61328125
23248,6960.01220703
23249,6677.55175781
23250,6587.00976562
23251,5624.48388672
23252,5192.82421875
23253,6571.47753906
23254,3996.26489258
23255,6860.45605469
23256,5434.98925781
23257,8461.984375
23258,7281.07861328
23259,6085.20605469
23260,12985.3662109
23261,4808.8203125
23262,5230.61083984
23263,10459.8173828
23264,7386.75244141
23265,8285.92578125
23266,7177.26660156
23267,5860.91845703
23268,6322.54248047
23269,5577.00732422
23270,7569.74121094
23271,10421.8759766
23272,6758.90625
23273,3383.71337891
23274,4637.67529297
23275,8852.859375
23276,9422.42773438
23277,6937.06054688
23278,6859.76220703
23279,4542.68310547
23280,4888.46533203
23281,3278.73266602
23282,4755.72753906
23283,6626.2109375
23284,7316.08740234
23285,6294.05810547
23286,6366.28857422
23287,8148.13378906
23288,9138.95605469
23289,7240.171875
23290,5525.96142578
23291,8897.76660156
23292,10236.0742188
23293,5856.21386719
23294,7146.00878906
23295,5675.71386719
23296,6989.28955078
23297,4399.08154297
23298,7111.14208984
23299,5531.89453125
23300,8213.70800781
23301,7162.55664062
23302,8462.33105469
23303,7729.8828125
23304,5841.3515625
23305,8857.48730469
23306,17816.1914062
23307,10200.2294922
23308,5506.40429688
23309,3467.2355957
23310,6399.36474609
23311,7886.63183594
23312,6365.80859375
23313,11504.0869141
23314,20973.9902344
23315,4166.24560547
23316,5191.95263672
23317,9003.50390625
23318,4937.32324219
23319,8018.34326172
23320,6695.76025391
23321,7648.99560547
23322,4790.69482422
23323,6851.30078125
23324,6910.22265625
23325,7024.09472656
23326,9787.41796875
23327,6305.90185547
23328,6379.91699219
23329,7171.94238281
23330,5525.29785156
23331,5242.5234375
23332,7872.29296875
23333,5981.56445312
23334,5735.38720703
23335,7069.67871094
23336,5736.37744141
23337,5705.42626953
23338,6653.22802734
23339,6886.70654297
23340,9431.0859375
23341,8785.17285156
23342,7606.42089844
23343,5935.20605469
23344,3779.01928711
23345,6000.19287109
23346,6637.20458984
23347,5920.69726562
23348,4500.28710938
23349,8546.28222656
23350,6911.54101562
23351,10065.8740234
23352,6209.20068359
23353,5663.29785156
23354,5081.85693359
23355,4671.83251953
23356,10101.9404297
23357,5837.76464844
23358,8271.46875
23359,14466.6337891
23360,7410.90820312
23361,6351.14404297
23362,5729.3671875
23363,4483.63623047
23364,7686.41064453
23365,4477.08886719
23366,5222.79345703
23367,9989.44824219
23368,5673.89550781
23369,15024.9775391
23370,13316.6259766
23371,5501.57470703
23372,6839.20214844
23373,5899.02294922
23374,6683.171875
23375,5557.19042969
23376,11871.9804688
23377,7850.26367188
23378,9267.00097656
23379,4777.63378906
23380,7492.31494141
23381,5464.92675781
23382,8663.40527344
23383,7057.22216797
23384,6302.75683594
23385,6824.43017578
23386,5752.47509766
23387,8784.71191406
23388,9203.33496094
23389,5882.18945312
23390,9907.94921875
23391,6576.30615234
23392,8671.23339844
23393,5713.64404297
23394,5272.12011719
23395,5443.91845703
23396,10170.40625
23397,6795.59667969
23398,8100.74121094
23399,6683.23535156
23400,9144.12597656
23401,5086.25048828
23402,8659.1171875
23403,6486.20849609
23404,4018.65063477
23405,14638.9042969
23406,16364.8574219
23407,7609.62792969
23408,7471.24902344
23409,8970.75097656
23410,10064.0117188
23411,10759.2685547
23412,5723.3203125
23413,7266.79394531
23414,6241.69921875
23415,8823.80957031
23416,4071.46679688
23417,5655.51367188
23418,5941.18164062
23419,5768.10693359
23420,7580.60058594
23421,4889.82177734
23422,4782.74072266
23423,7324.98339844
23424,4345.41845703
23425,4915.36962891
23426,6074.73291016
23427,6536.53955078
23428,9639.2109375
23429,8842.35253906
23430,7059.43701172
23431,6400.92724609
23432,6481.94677734
23433,11013.1796875
23434,6932.91357422
23435,5911.61181641
23436,5193.8203125
23437,10434.9853516
23438,4577.02734375
23439,6992.68359375
23440,3278.29467773
23441,4870.8984375
23442,7176.60888672
23443,6796.24511719
23444,6090.76904297
23445,9607.69238281
23446,9721.28027344
23447,12113.1748047
23448,6225.39599609
23449,10406.8876953
23450,3068.51635742
23451,5307.55126953
23452,6653.20214844
23453,4745.82568359
23454,8432.46386719
23455,5090.65771484
23456,4782.87304688
23457,8864.86621094
23458,10389.6806641
23459,8054.59912109
23460,5510.4609375
23461,5939.48779297
23462,10168.2333984
23463,7985.16650391
23464,5423.52880859
23465,5885.9609375
23466,6868.33886719
23467,9013.47949219
23468,4581.88427734
23469,5551.45751953
23470,8224.18945312
23471,8632.93457031
23472,11974.7363281
23473,6385.54833984
23474,13128.7998047
23475,6976.68164062
23476,5255.4609375
23477,3623.42651367
23478,6111.27050781
23479,6789.19580078
23480,5683.68847656
23481,8809.6484375
23482,5575.37988281
23483,4484.62841797
23484,7846.58105469
23485,3670.47143555
23486,7700.05175781
23487,7135.77148438
23488,7410.75976562
23489,8888.91113281
23490,5881.52734375
23491,9261.79785156
23492,6076.79003906
23493,5108.94775391
23494,6094.73291016
23495,5238.65429688
23496,9580.00292969
23497,5677.87988281
23498,4416.74121094
23499,7058.54150391
23500,9062.97753906
23501,7401.43554688
23502,6219.69238281
23503,8629.50097656
23504,5401.79833984
23505,5986.30712891
23506,6332.12646484
23507,9789.46289062
23508,5773.90869141
23509,6216.18115234
23510,6052.80078125
23511,5976.75634766
23512,4436.41357422
23513,5964.79101562
23514,8872.19140625
23515,8426.74707031
23516,10884.4775391
23517,11521.2597656
23518,8711.953125
23519,7067.03613281
23520,4898.36035156
23521,10490.0380859
23522,10423.2871094
23523,8130.29394531
23524,8002.98583984
23525,8556.6328125
23526,5371.09423828
23527,3476.97363281
23528,11030.1982422
23529,6479.35693359
23530,6376.54052734
23531,6209.67431641
23532,2870.81933594
23533,11269.1376953
23534,6498.59326172
23535,5062.47998047
23536,5219.79003906
23537,5599.89160156
23538,5780.890625
23539,7648.03271484
23540,6892.20019531
23541,5157.55419922
23542,5315.63720703
23543,3729.05688477
23544,3187.51171875
23545,7360.42822266
23546,16572.796875
23547,4025.8371582
23548,6075.18457031
23549,6677.15673828
23550,5520.27246094
23551,5015.36816406
23552,5402.80810547
23553,3751.11987305
23554,8009.54541016
23555,7351.97998047
23556,3996.66137695
23557,8950.8203125
23558,5722.16845703
23559,4908.05615234
23560,10721.0390625
23561,7376.68408203
23562,9044.25683594
23563,5174.53515625
23564,6524.05664062
23565,5013.24902344
23566,5608.45507812
23567,14562.9560547
23568,10203.2558594
23569,7017.92041016
23570,5354.86865234
23571,4901.66992188
23572,5993.74609375
23573,4115.42578125
23574,9088.22753906
23575,5367.28955078
23576,5401.49414062
23577,7837.22363281
23578,5152.06201172
23579,6142.02636719
23580,6590.56005859
23581,7510.23095703
23582,7704.9296875
23583,4071.05517578
23584,5502.52978516
23585,7301.97070312
23586,8548.72753906
23587,8416.11230469
23588,7341.25244141
23589,4781.79199219
23590,7944.13769531
23591,6067.44824219
23592,5186.55273438
23593,7224.16113281
23594,7089.9375
23595,6447.90234375
23596,6434.48486328
23597,5594.29101562
23598,6690.55712891
23599,5361.03710938
23600,6783.64208984
23601,7294.52929688
23602,6375.01367188
23603,9653.98730469
23604,6716.51708984
23605,4822.74365234
23606,12121.0341797
23607,5731.18164062
23608,3382.79052734
23609,7837.859375
23610,8451.16015625
23611,9804.89941406
23612,5079.28808594
23613,6378.20117188
23614,6305.30078125
23615,7305.95556641
23616,6220.22021484
23617,8499.5078125
23618,3548.63232422
23619,5745.93310547
23620,6292.89941406
23621,4932.93603516
23622,5283.83544922
23623,6468.7109375
23624,7650.34521484
23625,5757.53613281
23626,7778.25146484
23627,7193.55029297
23628,8609.16308594
23629,5608.80273438
23630,6681.55273438
23631,6529.75927734
23632,8109.87841797
23633,8363.59472656
23634,3631.87011719
23635,8088.06396484
23636,7364.38134766
23637,7354.79980469
23638,4884.46582031
23639,3911.16821289
23640,8130.953125
23641,6303.58056641
23642,9007.7734375
23643,7029.77148438
23644,5515.97216797
23645,8579.015625
23646,6251.40527344
23647,6583.37890625
23648,7820.64648438
23649,5963.35742188
23650,8673.59082031
23651,10891.6103516
23652,7544.90136719
23653,4806.70605469
23654,5866.66845703
23655,4940.984375
23656,3395.16601562
23657,7795.52685547
23658,6256.32617188
23659,8767.79492188
23660,5281.01367188
23661,6504.20507812
23662,6231.72900391
23663,8830.82324219
23664,5872.10449219
23665,5955.29736328
23666,6058.16064453
23667,7396.63623047
23668,5546.14404297
23669,7471.22070312
23670,8000.68066406
23671,7798.42675781
23672,7834.83984375
23673,6834.96386719
23674,6195.43408203
23675,4869.77001953
23676,5480.99511719
23677,10987.4648438
23678,8739.65917969
23679,8460.60351562
23680,14984.09375
23681,5652.16992188
23682,5068.67431641
23683,5655.99902344
23684,8846.70605469
23685,10257.9951172
23686,7497.79785156
23687,7193.69433594
23688,8206.81738281
23689,7020.00878906
23690,6880.62646484
23691,5965.21191406
23692,4966.35791016
23693,5323.43115234
23694,3845.71435547
23695,5369.49658203
23696,8328.59277344
23697,16846.2753906
23698,6469.85888672
23699,4609.71289062
23700,7558.43554688
23701,4469.62988281
23702,6762.41357422
23703,4509.84863281
23704,8441.87011719
23705,7110.45019531
23706,6988.79638672
23707,13384.9648438
23708,12125.0
23709,5616.96728516
23710,7243.48046875
23711,3797.5793457
23712,5267.37011719
23713,5071.91015625
23714,8441.17871094
23715,4874.91455078
23716,4922.07861328
23717,5757.39892578
23718,5556.11425781
23719,7344.55761719
23720,7155.02490234
23721,3563.78979492
23722,7543.08105469
23723,8120.25732422
23724,7529.61767578
23725,5247.62158203
23726,4699.87060547
23727,7796.59033203
23728,4945.84570312
23729,9598.59667969
23730,4686.14550781
23731,5540.63427734
23732,7054.28125
23733,5921.26757812
23734,5040.27246094
23735,6324.47900391
23736,7149.48535156
23737,9162.9140625
23738,9681.08691406
23739,5986.35302734
23740,3999.09448242
23741,5609.43945312
23742,5882.40820312
23743,4540.82910156
23744,5952.23681641
23745,5903.21630859
23746,11411.0703125
23747,7940.32714844
23748,6562.67089844
23749,7043.74511719
23750,4796.95507812
23751,9126.8125
23752,5638.15917969
23753,11895.0097656
23754,6519.70898438
23755,5369.11230469
23756,6307.32763672
23757,4334.14648438
23758,6404.85449219
23759,20543.203125
23760,4249.63623047
23761,5315.9765625
23762,10046.2216797
23763,6326.15576172
23764,6852.57519531
23765,7966.68115234
23766,6179.13964844
23767,5420.96875
23768,4335.75439453
23769,9333.43945312
23770,5890.99316406
23771,7045.83496094
23772,7668.99658203
23773,4441.35888672
23774,7957.24121094
23775,6854.91552734
23776,3810.75561523
23777,8282.69433594
23778,9722.99609375
23779,4236.546875
23780,8108.40869141
23781,7250.65527344
23782,5562.38720703
23783,9521.55859375
23784,7106.83642578
23785,8445.04394531
23786,4714.98974609
23787,5102.85546875
23788,6191.22802734
23789,4498.91357422
23790,7457.65771484
23791,4056.85864258
23792,6112.06933594
23793,4840.53320312
23794,6353.55517578
23795,5772.50976562
23796,6832.49951172
23797,6697.58691406
23798,8713.71484375
23799,6382.54052734
23800,6987.23681641
23801,6057.04541016
23802,9306.79882812
23803,9297.05761719
23804,7234.41503906
23805,3744.45556641
23806,5934.6171875
23807,7076.47216797
23808,4108.7890625
23809,12232.3603516
23810,5739.60644531
23811,6429.53369141
23812,10438.8769531
23813,6751.91503906
23814,4588.66845703
23815,11991.0
23816,9791.00292969
23817,5961.69726562
23818,8553.13964844
23819,9593.3984375
23820,6857.30273438
23821,5540.05859375
23822,6864.67773438
23823,5313.97949219
23824,5950.50537109
23825,7716.25537109
23826,4592.25
23827,7441.51464844
23828,7808.43017578
23829,6164.74023438
23830,8112.35449219
23831,5736.20214844
23832,6524.94677734
23833,4720.87597656
23834,7903.40185547
23835,7429.83349609
23836,6441.41162109
23837,6473.51904297
23838,7075.18994141
23839,9086.36425781
23840,6339.44482422
23841,5109.04541016
23842,6795.48681641
23843,7319.72412109
23844,7545.44824219
23845,4444.39306641
23846,3953.41967773
23847,7292.16455078
23848,7014.23339844
23849,5951.15234375
23850,8171.26367188
23851,6607.43505859
23852,6317.35839844
23853,5538.64257812
23854,2818.42578125
23855,7066.01855469
23856,6934.10400391
23857,6798.8125
23858,8916.03125
23859,8050.22900391
23860,4785.0546875
23861,7729.51464844
23862,3693.32910156
23863,2444.84204102
23864,6854.02001953
23865,11191.6328125
23866,7889.85253906
23867,7100.02734375
23868,4492.70800781
23869,6749.90576172
23870,8089.25195312
23871,5960.19042969
23872,8182.77490234
23873,4906.27246094
23874,4567.26660156
23875,5320.79638672
23876,5986.92431641
23877,5152.61230469
23878,5416.85400391
23879,5321.12109375
23880,3902.23901367
23881,6980.32910156
23882,7489.77832031
23883,5652.0625
23884,6014.91357422
23885,7970.49658203
23886,5927.69824219
23887,5506.11083984
23888,9553.36914062
23889,7111.90820312
23890,6073.86376953
23891,3784.8996582
23892,11728.4082031
23893,6752.59130859
23894,5617.18652344
23895,8722.62011719
23896,8140.80761719
23897,7309.18994141
23898,6355.69482422
23899,6978.49121094
23900,10308.2392578
23901,13709.03125
23902,5584.89648438
23903,4730.39599609
23904,5480.2421875
23905,6308.09179688
23906,6400.48193359
23907,7945.37255859
23908,8656.52441406
23909,5995.66210938
23910,3844.81201172
23911,5917.54101562
23912,9134.46777344
23913,5142.84619141
23914,7535.63818359
23915,4167.64453125
23916,7618.31347656
23917,7002.22070312
23918,7367.62011719
23919,7832.33691406
23920,6629.69433594
23921,4661.98974609
23922,6279.67871094
23923,7821.55664062
23924,8588.20898438
23925,7405.63720703
23926,8078.96630859
23927,6195.47558594
23928,4381.63867188
23929,9656.96191406
23930,4762.21875
23931,9752.66015625
23932,6881.21728516
23933,4665.16162109
23934,6921.43652344
23935,5983.08789062
23936,7229.03417969
23937,7791.07470703
23938,4010.02709961
23939,4721.4296875
23940,7345.41992188
23941,8643.02734375
23942,10008.6845703
23943,5993.23193359
23944,5738.34765625
23945,6221.72753906
23946,6318.71435547
23947,5555.18164062
23948,10261.8896484
23949,8858.14648438
23950,11218.3818359
23951,4801.56445312
23952,6005.43212891
23953,8863.20898438
23954,9104.54785156
23955,5535.36230469
23956,10446.1982422
23957,6504.06884766
23958,5916.19775391
23959,5693.72705078
23960,5025.03125
23961,5128.42919922
23962,6259.48388672
23963,4918.20654297
23964,5137.72216797
23965,8845.86328125
23966,6701.97705078
23967,22790.8125
23968,7352.66064453
23969,4297.20751953
23970,7273.65185547
23971,10018.1582031
23972,7306.8828125
23973,7518.54443359
23974,5454.08984375
23975,7635.22607422
23976,8149.47070312
23977,5793.77490234
23978,5682.05712891
23979,7173.18066406
23980,7756.52978516
23981,7366.65039062
23982,9810.13769531
23983,5908.88916016
23984,4830.38623047
23985,5678.99023438
23986,10134.0273438
23987,10767.0078125
23988,10238.4853516
23989,7832.41113281
23990,4751.03466797
23991,5899.33251953
23992,4368.67626953
23993,8253.34277344
23994,10770.7978516
23995,9732.50585938
23996,6028.73339844
23997,5198.03320312
23998,4865.53564453
23999,6427.38769531
24000,10967.6660156
24001,6639.17382812
24002,5364.74072266
24003,5534.02148438
24004,7923.88720703
24005,3575.65380859
24006,7209.36230469
24007,4589.35546875
24008,6942.57421875
24009,7618.77099609
24010,5522.51025391
24011,7640.09960938
24012,6810.24804688
24013,5169.40917969
24014,6893.26464844
24015,7584.58544922
24016,11778.9326172
24017,6133.34472656
24018,7966.62792969
24019,7629.671875
24020,9298.875
24021,6672.75146484
24022,8985.30859375
24023,4612.89746094
24024,5062.92919922
24025,6335.70263672
24026,6349.27832031
24027,9421.0703125
24028,8097.1484375
24029,5523.70117188
24030,7600.49511719
24031,6499.61621094
24032,9993.00195312
24033,3858.06030273
24034,13424.0087891
24035,4936.18847656
24036,5842.21533203
24037,8565.37695312
24038,4926.52246094
24039,6200.00927734
24040,6068.28759766
24041,7732.87695312
24042,5735.41992188
24043,5670.33007812
24044,8046.56689453
24045,8085.41796875
24046,7185.36230469
24047,5019.10058594
24048,7003.73046875
24049,12391.1503906
24050,6154.95751953
24051,4990.06738281
24052,6864.97900391
24053,5832.90576172
24054,6219.60888672
24055,7513.06787109
24056,3829.86987305
24057,8292.99414062
24058,5752.99121094
24059,7350.22753906
24060,8695.31738281
24061,3986.83740234
24062,6208.82714844
24063,5230.04199219
24064,8258.27148438
24065,9253.62988281
24066,4821.87402344
24067,4791.97460938
24068,6858.48632812
24069,5825.53808594
24070,5918.38818359
24071,7912.37744141
24072,6682.84033203
24073,8065.46142578
24074,5588.08886719
24075,4499.45410156
24076,6211.15527344
24077,8917.6640625
24078,8063.80810547
24079,8611.66796875
24080,8350.22753906
24081,6401.96533203
24082,9626.88964844
24083,5903.18261719
24084,7035.58056641
24085,9001.76855469
24086,6337.34667969
24087,10614.9482422
24088,8131.9765625
24089,7713.95214844
24090,5932.86816406
24091,7481.23242188
24092,8185.94482422
24093,6419.30664062
24094,4006.1809082
24095,5544.04931641
24096,7714.45996094
24097,5741.43505859
24098,4489.93652344
24099,8618.49609375
24100,6581.09375
24101,5864.13427734
24102,5701.00878906
24103,5409.31103516
24104,7894.35400391
24105,7144.734375
24106,6928.37841797
24107,5480.61914062
24108,5141.68847656
24109,6732.0703125
24110,3960.58398438
24111,6138.58837891
24112,5747.96679688
24113,8567.55859375
24114,7270.27392578
24115,6152.02294922
24116,12438.7265625
24117,5476.84033203
24118,4974.29443359
24119,10909.1289062
24120,6774.24707031
24121,8350.53125
24122,7343.35302734
24123,5874.72021484
24124,6441.94580078
24125,5562.54150391
24126,8728.12207031
24127,11178.2978516
24128,7357.32519531
24129,3194.10180664
24130,4534.734375
24131,8968.81738281
24132,8790.29394531
24133,6954.33837891
24134,7006.77734375
24135,4681.76269531
24136,5302.69335938
24137,3387.74438477
24138,5081.03808594
24139,6329.73535156
24140,7132.20605469
24141,6464.97949219
24142,6026.46240234
24143,7925.76171875
24144,9169.90039062
24145,7342.49169922
24146,5252.09326172
24147,9185.76074219
24148,10148.9814453
24149,6051.375
24150,7689.15283203
24151,5892.20703125
24152,6954.0
24153,4213.69482422
24154,7835.87841797
24155,5321.58300781
24156,8635.32324219
24157,7206.33056641
24158,8801.15039062
24159,8308.93164062
24160,5351.02880859
24161,8747.17285156
24162,19334.4179688
24163,10499.1972656
24164,5960.15039062
24165,3235.90136719
24166,6211.71777344
24167,8756.02832031
24168,6256.70166016
24169,11489.6015625
24170,20043.140625
24171,4110.52978516
24172,5428.81835938
24173,10964.6328125
24174,4807.00878906
24175,8669.06640625
24176,6828.49951172
24177,8066.14648438
24178,4502.30517578
24179,6478.59716797
24180,6268.2421875
24181,7214.40429688
24182,9584.50878906
24183,5973.67333984
24184,5951.20898438
24185,7199.46728516
24186,5488.50244141
24187,4965.60986328
24188,7812.06542969
24189,6487.50146484
24190,5657.80126953
24191,7117.11328125
24192,6109.02099609
24193,5975.90185547
24194,6974.63867188
24195,6943.69384766
24196,9301.57128906
24197,8746.44628906
24198,7711.38476562
24199,5615.62792969
24200,3706.55078125
24201,6285.80273438
24202,6803.72314453
24203,5883.59228516
24204,4624.97412109
24205,9013.91796875
24206,7589.43359375
24207,9975.73730469
24208,6582.19873047
24209,5611.62841797
24210,5457.93603516
24211,4579.91796875
24212,10210.1669922
24213,5133.54345703
24214,7801.4921875
24215,15660.4667969
24216,7454.99804688
24217,8553.98046875
24218,5151.92919922
24219,4566.71289062
24220,7225.89111328
24221,4437.97949219
24222,5676.72119141
24223,10764.4931641
24224,5642.78076172
24225,16139.0097656
24226,14098.28125
24227,4955.93261719
24228,6976.80126953
24229,5951.35644531
24230,6709.60791016
24231,5660.03613281
24232,11749.3447266
24233,7732.02880859
24234,10276.7382812
24235,4848.32421875
24236,7581.91650391
24237,4944.90185547
24238,8814.97753906
24239,6828.72753906
24240,6214.45019531
24241,6671.82226562
24242,5434.55908203
24243,8585.70214844
24244,10217.375
24245,5498.47412109
24246,10178.5078125
24247,6716.35009766
24248,9618.4375
24249,5718.96582031
24250,5444.23535156
24251,5340.07128906
24252,10308.2792969
24253,6478.17041016
24254,8204.0625
24255,6755.74121094
24256,9205.38964844
24257,4473.69042969
24258,8964.19921875
24259,7205.27880859
24260,4101.36816406
24261,14606.9677734
24262,17375.7265625
24263,7557.54150391
24264,7265.98291016
24265,9868.63183594
24266,10634.1503906
24267,11558.6591797
24268,5724.66357422
24269,7638.46044922
24270,6208.66162109
24271,8465.55175781
24272,3941.51318359
24273,6081.00537109
24274,5761.51367188
24275,5681.80761719
24276,7661.32763672
24277,5241.37353516
24278,4992.93798828
24279,7048.08691406
24280,3954.07202148
24281,4824.85107422
24282,6479.00488281
24283,6529.38574219
24284,9399.97851562
24285,8477.22753906
24286,7238.71484375
24287,6367.13232422
24288,6387.39990234
24289,12082.2871094
24290,7743.83007812
24291,5447.52880859
24292,5142.66455078
24293,10003.8740234
24294,4313.19873047
24295,7138.76708984
24296,3436.11962891
24297,5259.69873047
24298,7521.16943359
24299,6663.56689453
24300,5653.50195312
24301,9574.87792969
24302,10542.9072266
24303,12829.5664062
24304,6291.17089844
24305,9777.44433594
24306,3126.68139648
24307,5133.11328125
24308,6513.71044922
24309,4678.10205078
24310,8360.65234375
24311,5322.40527344
24312,4789.2734375
24313,8858.50976562
24314,11319.7988281
24315,10629.2539062
24316,5481.87353516
24317,6011.53564453
24318,11279.7402344
24319,8006.47509766
24320,6267.07666016
24321,5514.83544922
24322,6818.7109375
24323,10204.0146484
24324,4417.74804688
24325,6136.20556641
24326,7933.62011719
24327,8650.98535156
24328,13539.7070312
24329,6453.95117188
24330,13483.2763672
24331,7029.72460938
24332,5292.35449219
24333,4178.84667969
24334,6465.92285156
24335,6753.44775391
24336,5669.48046875
24337,7741.54785156
24338,5254.05273438
24339,4858.99609375
24340,7855.03466797
24341,3361.32177734
24342,7971.73535156
24343,6810.06640625
24344,7909.08789062
24345,9051.28125
24346,5716.66455078
24347,9172.34863281
24348,6240.22265625
24349,5380.42236328
24350,5580.31738281
24351,5299.96777344
24352,10350.1289062
24353,6180.9375
24354,4759.68505859
24355,7331.85449219
24356,9075.58105469
24357,7662.49707031
24358,6223.73925781
24359,8905.16210938
24360,5343.98486328
24361,5529.7265625
24362,6560.71826172
24363,9192.76367188
24364,6934.30175781
24365,6493.49365234
24366,5480.1796875
24367,5832.86083984
24368,4262.85595703
24369,5629.50732422
24370,8840.48046875
24371,9127.98828125
24372,10693.3232422
24373,11857.609375
24374,8399.88085938
24375,7353.41064453
24376,5160.359375
24377,10897.8974609
24378,10458.1611328
24379,7909.87988281
24380,8868.79882812
24381,8536.1640625
24382,5460.40966797
24383,3769.30541992
24384,11048.9619141
24385,6890.33349609
24386,7116.21044922
24387,6241.68115234
24388,3058.77197266
24389,12318.6943359
24390,6590.96875
24391,4803.30566406
24392,4654.40917969
24393,5453.0234375
24394,5995.69042969
24395,8342.59277344
24396,6692.21044922
24397,5321.22802734
24398,5290.08349609
24399,4050.12329102
24400,3184.75170898
24401,7250.91845703
24402,16461.03125
24403,4495.08300781
24404,6148.35107422
24405,7003.42333984
24406,5341.51318359
24407,5364.61767578
24408,5124.21435547
24409,4153.99121094
24410,7801.53662109
24411,7444.78759766
24412,3879.92041016
24413,8677.54589844
24414,5901.48779297
24415,4713.78417969
24416,10875.6044922
24417,7645.39941406
24418,9881.98632812
24419,5339.46533203
24420,6985.85742188
24421,5086.73583984
24422,5280.92822266
24423,15556.4121094
24424,11161.1679688
24425,6746.52001953
24426,5660.84033203
24427,4613.99804688
24428,5524.19677734
24429,5457.71728516
24430,11886.4599609
24431,5514.77783203
24432,5630.33984375
24433,7497.99121094
24434,4614.82519531
24435,6340.44287109
24436,7288.53466797
24437,7316.13671875
24438,7269.87207031
24439,4262.39208984
24440,5380.04199219
24441,7153.98779297
24442,8872.74121094
24443,8535.93652344
24444,6888.98632812
24445,4917.90625
24446,7932.57617188
24447,6438.11328125
24448,4737.45410156
24449,7152.63671875
24450,7376.62744141
24451,6686.27685547
24452,6530.27001953
24453,5824.03271484
24454,6555.80761719
24455,5386.01904297
24456,6889.4921875
24457,6656.6875
24458,6496.40527344
24459,9705.85546875
24460,6322.48242188
24461,4792.37646484
24462,12065.4980469
24463,6702.16259766
24464,3613.61962891
24465,7679.19287109
24466,8481.89355469
24467,10700.8232422
24468,5233.24560547
24469,5967.69921875
24470,6086.20458984
24471,7600.3359375
24472,5986.29052734
24473,8851.98144531
24474,3519.95800781
24475,6105.78808594
24476,6615.68310547
24477,5280.51025391
24478,5360.37744141
24479,6448.3515625
24480,7767.95361328
24481,5680.97314453
24482,8471.31054688
24483,7056.59570312
24484,8681.52734375
24485,5179.01855469
24486,6766.51708984
24487,6592.74804688
24488,8084.18457031
24489,8049.69140625
24490,5165.30810547
24491,7906.32714844
24492,7506.75732422
24493,7743.42382812
24494,4939.65527344
24495,4259.18505859
24496,8488.37597656
24497,6588.22851562
24498,9337.61523438
24499,6949.02734375
24500,5915.71240234
24501,8775.24121094
24502,7093.18359375
24503,7072.82177734
24504,8084.5703125
24505,6544.68701172
24506,9300.1171875
24507,10976.2158203
24508,7773.54931641
24509,5011.98681641
24510,5964.38720703
24511,4802.24267578
24512,3473.29711914
24513,8311.06347656
24514,5724.09570312
24515,8844.73144531
24516,5087.00292969
24517,6337.10498047
24518,6241.51464844
24519,9748.91210938
24520,5089.61376953
24521,5742.4375
24522,6154.44140625
24523,7645.37792969
24524,5577.47607422
24525,7371.54248047
24526,7572.45605469
24527,8425.95214844
24528,7803.58349609
24529,7266.78710938
24530,6026.95117188
24531,4837.11767578
24532,5165.12109375
24533,10936.3701172
24534,9327.74414062
24535,8830.54492188
24536,14423.8701172
24537,5996.11914062
24538,5355.18994141
24539,6265.12841797
24540,8903.33496094
24541,10226.9589844
24542,7126.01806641
24543,7848.68408203
24544,8361.58398438
24545,7175.25439453
24546,6779.89013672
24547,5839.12890625
24548,4836.25488281
24549,5152.43554688
24550,4259.01904297
24551,5691.06640625
24552,8704.46191406
24553,17371.2871094
24554,6554.13867188
24555,4775.765625
24556,7685.51660156
24557,4280.07470703
24558,6426.61523438
24559,4460.56640625
24560,8922.97363281
24561,6811.28759766
24562,6276.54638672
24563,13647.5478516
24564,10714.6708984
24565,6016.44042969
24566,7236.02929688
24567,3960.0324707
24568,5321.33935547
24569,5218.4609375
24570,8570.91796875
24571,5022.24707031
24572,4693.99267578
24573,6131.30322266
24574,5766.26416016
24575,7075.88525391
24576,7669.72802734
24577,3563.00756836
24578,7118.76318359
24579,8484.17578125
24580,7770.40625
24581,5273.65429688
24582,4738.98193359
24583,8485.68066406
24584,4881.83398438
24585,9760.70996094
24586,4806.44921875
24587,5714.17822266
24588,7105.58251953
24589,6279.30078125
24590,5207.51660156
24591,6307.95947266
24592,7678.10888672
24593,8888.62304688
24594,9850.265625
24595,5760.48046875
24596,4087.52685547
24597,5708.86132812
24598,6006.0390625
24599,4929.78466797
24600,6298.74853516
24601,6018.87939453
24602,11648.5341797
24603,8131.015625
24604,6327.59814453
24605,7514.20751953
24606,4888.35302734
24607,9433.61328125
24608,6191.31103516
24609,13665.2226562
24610,6386.21826172
24611,5411.72607422
24612,5778.60253906
24613,4002.4909668
24614,6978.18554688
24615,19968.1933594
24616,4281.29980469
24617,4773.87158203
24618,10277.3261719
24619,6480.1171875
24620,7223.16894531
24621,8052.88574219
24622,6253.44433594
24623,5168.91601562
24624,4839.18554688
24625,9835.16113281
24626,5928.44482422
24627,7268.40869141
24628,7683.73535156
24629,4669.34228516
24630,8276.09179688
24631,6507.16552734
24632,4028.01513672
24633,8765.98046875
24634,9144.81542969
24635,4525.02929688
24636,8152.12060547
24637,7000.37109375
24638,5336.88867188
24639,9320.140625
24640,6518.06738281
24641,8368.32617188
24642,4653.82763672
24643,5039.921875
24644,6448.53564453
24645,4566.99609375
24646,7575.19384766
24647,4438.00097656
24648,6018.16210938
24649,4893.14892578
24650,6367.00488281
24651,6118.03613281
24652,7266.24658203
24653,6883.28515625
24654,8234.62109375
24655,6168.78710938
24656,7392.22167969
24657,6464.22705078
24658,8807.4140625
24659,9234.98144531
24660,7368.42871094
24661,3676.68115234
24662,5985.20556641
24663,7310.45849609
24664,4218.51318359
24665,12041.4130859
24666,5755.36767578
24667,6957.31738281
24668,10616.5175781
24669,7239.30175781
24670,4630.92529297
24671,12129.2451172
24672,9757.1640625
24673,5968.296875
24674,9216.18652344
24675,10554.1152344
24676,6252.68115234
24677,5245.08398438
24678,6757.67480469
24679,5522.09423828
24680,5760.00830078
24681,7294.09814453
24682,4948.828125
24683,6812.32080078
24684,7423.41601562
24685,6731.15820312
24686,8542.54199219
24687,5814.08105469
24688,7108.0703125
24689,5482.41210938
24690,7851.79882812
24691,7224.45068359
24692,6435.66308594
24693,6760.45947266
24694,7141.50439453
24695,9215.65917969
24696,5924.69677734
24697,5402.77197266
24698,6621.21972656
24699,7327.04492188
24700,7947.23730469
24701,4410.53955078
24702,4131.69482422
24703,7754.34765625
24704,6705.98632812
24705,5791.07275391
24706,8600.00390625
24707,6228.95996094
24708,6630.68066406
24709,5671.04980469
24710,3320.41967773
24711,7029.02734375
24712,6647.01123047
24713,6668.08105469
24714,9601.80175781
24715,8698.05371094
24716,4832.10009766
24717,8985.83984375
24718,4092.5793457
24719,2887.19311523
24720,7278.82910156
24721,11408.4150391
24722,8493.640625
24723,7244.5859375
24724,4773.09277344
24725,6658.16699219
24726,8991.39550781
24727,6546.72216797
24728,8728.77050781
24729,5153.28564453
24730,4943.49169922
24731,5358.53710938
24732,5747.56640625
24733,5170.44970703
24734,5474.63623047
24735,5238.58447266
24736,3909.97436523
24737,7111.63037109
24738,7391.11425781
24739,5609.16699219
24740,6478.10888672
24741,7504.32324219
24742,6060.95800781
24743,5433.48095703
24744,9403.49316406
24745,7738.41064453
24746,5957.91699219
24747,3852.27563477
24748,11840.8037109
24749,6607.59912109
24750,5867.08251953
24751,8624.61425781
24752,8093.99023438
24753,7795.07324219
24754,6100.05419922
24755,7172.94140625
24756,9642.14355469
24757,14303.578125
24758,5466.76757812
24759,4985.66650391
24760,5329.76660156
24761,7191.01904297
24762,6061.91162109
24763,8334.38574219
24764,9128.51953125
24765,6033.74414062
24766,4121.91992188
24767,6163.26464844
24768,10224.6767578
24769,4853.39550781
24770,7632.96191406
24771,4230.63476562
24772,6968.72705078
24773,7496.84716797
24774,7635.04443359
24775,8349.49511719
24776,6441.39892578
24777,4229.59326172
24778,6150.57373047
24779,7514.95263672
24780,8858.72949219
24781,7681.81542969
24782,7883.75146484
24783,6511.69189453
24784,4634.90673828
24785,10096.9023438
24786,4533.60107422
24787,10058.0712891
24788,6510.81591797
24789,4106.01464844
24790,7380.56884766
24791,6234.52929688
24792,7351.99462891
24793,8326.05859375
24794,4302.87597656
24795,4696.00341797
24796,7880.91748047
24797,8713.0078125
24798,9740.19433594
24799,5109.03564453
24800,6075.95507812
24801,6869.4921875
24802,6353.27636719
24803,5908.72558594
24804,9999.50488281
24805,8658.21679688
24806,11692.6894531
24807,4537.84130859
24808,5911.85400391
24809,8528.13183594
24810,9808.05078125
24811,5510.23486328
24812,10312.0839844
24813,6633.36279297
24814,5530.42822266
24815,5627.81640625
24816,5287.52587891
24817,5211.4375
24818,6193.88037109
24819,4921.8671875
24820,5279.73974609
24821,9245.72460938
24822,6848.21679688
24823,22829.8417969
24824,7001.63964844
24825,4479.93408203
24826,7783.72119141
24827,10127.109375
24828,6476.52099609
24829,7746.3046875
24830,5440.17089844
24831,8402.06054688
24832,8445.28515625
24833,5932.07617188
24834,5792.68066406
24835,7272.81933594
24836,7862.58251953
24837,7472.21826172
24838,9257.90136719
24839,6005.25976562
24840,4847.24658203
24841,5756.52050781
24842,10850.5615234
24843,10776.4492188
24844,10351.796875
24845,8445.47070312
24846,4283.04394531
24847,5980.35498047
24848,4662.14111328
24849,8504.21875
24850,11254.6689453
24851,10053.7753906
24852,6426.2109375
24853,5487.71191406
24854,4579.35449219
24855,6194.2109375
24856,11893.6943359
24857,6874.83398438
24858,4934.1171875
24859,5630.51171875
24860,8400.24902344
24861,3558.80249023
24862,7692.63769531
24863,4485.29638672
24864,6679.125
24865,7380.17480469
24866,5695.20996094
24867,7560.27441406
24868,6885.16308594
24869,5699.85644531
24870,7103.67822266
24871,7481.81054688
24872,11695.5898438
24873,5985.11425781
24874,8332.60546875
24875,8060.61669922
24876,9392.234375
24877,6778.17724609
24878,9573.78222656
24879,4657.71386719
24880,4902.32421875
24881,6639.27490234
24882,6172.56591797
24883,9442.41699219
24884,8123.62011719
24885,5616.08886719
24886,7464.21240234
24887,6743.21972656
24888,9557.34277344
24889,4167.88330078
24890,14775.3564453
24891,5138.47216797
24892,5855.12451172
24893,8888.41992188
24894,5039.09521484
24895,6427.09960938
24896,6055.12207031
24897,7939.86523438
24898,5670.47558594
24899,5778.31054688
24900,8164.7265625
24901,8302.85546875
24902,7586.87158203
24903,5144.52929688
24904,6857.13916016
24905,12482.0673828
24906,6290.41503906
24907,5212.71484375
24908,6785.45410156
24909,5775.80322266
24910,6309.82519531
24911,7861.99804688
24912,3956.57348633
24913,8565.10839844
24914,6048.49511719
24915,7294.71728516
24916,9321.53613281
24917,4356.74121094
24918,6420.22460938
24919,5481.51269531
24920,8487.84960938
24921,9192.12402344
24922,4914.97558594
24923,4759.21289062
24924,6852.30761719
24925,5837.44140625
24926,5917.80078125
24927,7836.68554688
24928,6789.97949219
24929,8047.02001953
24930,5641.33837891
24931,4628.85351562
24932,6465.3125
24933,8449.12011719
24934,8147.28613281
24935,8871.29394531
24936,8907.21777344
24937,6461.21923828
24938,9612.14648438
24939,6539.56982422
24940,7279.53076172
24941,9185.75195312
24942,6449.95068359
24943,11103.4404297
24944,8593.6171875
24945,7630.61083984
24946,5736.78173828
24947,7701.59423828
24948,8297.84375
24949,6479.59814453
24950,4102.13916016
24951,5463.57177734
24952,8128.37890625
24953,5925.91210938
24954,4460.45996094
24955,8815.51660156
24956,6596.06884766
24957,5887.93701172
24958,5804.57763672
24959,5518.35595703
24960,8120.90869141
24961,7155.33203125
24962,6887.62597656
24963,5440.50292969
24964,5132.99023438
24965,7060.28515625
24966,3906.41772461
24967,5944.21386719
24968,5896.66015625
24969,8746.02929688
24970,7432.93115234
24971,6077.3984375
24972,12650.4667969
24973,6408.75927734
24974,4870.72216797
24975,11350.1015625
24976,7315.80175781
24977,8408.90722656
24978,7614.84814453
24979,5247.3515625
24980,6492.76318359
24981,5517.38232422
24982,8343.93066406
24983,11759.0195312
24984,6952.96533203
24985,3397.15209961
24986,5449.62304688
24987,9514.39550781
24988,9212.09179688
24989,7170.0546875
24990,7179.01220703
24991,4700.93798828
24992,5316.09375
24993,3478.52612305
24994,5192.27441406
24995,6191.96630859
24996,7249.12744141
24997,6630.21240234
24998,6328.80566406
24999,8509.93945312
25000,9079.21777344
25001,7493.02978516
25002,5385.43847656
25003,9345.67871094
25004,11159.2626953
25005,5979.44775391
25006,7742.67773438
25007,5800.80322266
25008,7279.39892578
25009,4071.28393555
25010,7692.34423828
25011,5797.68896484
25012,8891.00585938
25013,7192.17138672
25014,8919.32324219
25015,8288.64550781
25016,5188.55175781
25017,9288.89453125
25018,19480.34375
25019,11285.8085938
25020,6347.27441406
25021,3330.51391602
25022,6576.34960938
25023,8807.62402344
25024,6151.56542969
25025,11645.1572266
25026,19751.1191406
25027,4250.91748047
25028,5454.70947266
25029,9354.02539062
25030,5358.40917969
25031,9173.33789062
25032,6637.99609375
25033,8406.31738281
25034,4488.47998047
25035,6741.86279297
25036,6457.62109375
25037,7227.96630859
25038,10121.0449219
25039,5784.10644531
25040,5819.90087891
25041,7108.12402344
25042,5757.54199219
25043,5120.59375
25044,7985.59326172
25045,6198.95703125
25046,5760.64550781
25047,7517.87011719
25048,5990.23730469
25049,6267.85400391
25050,6983.71142578
25051,7006.18261719
25052,9042.70410156
25053,8651.2578125
25054,7346.43554688
25055,5685.61328125
25056,3991.78442383
25057,6686.90136719
25058,6722.02197266
25059,5985.85595703
25060,4474.10058594
25061,9430.74414062
25062,7637.41162109
25063,10232.2871094
25064,6836.52880859
25065,5537.90283203
25066,5377.05126953
25067,4574.76611328
25068,10295.0927734
25069,5197.96875
25070,7844.85205078
25071,15131.25
25072,7371.28222656
25073,6779.01708984
25074,4772.35986328
25075,4843.34130859
25076,7281.66943359
25077,4500.80224609
25078,5640.71484375
25079,10446.1582031
25080,5645.24072266
25081,16781.2988281
25082,14490.5224609
25083,4826.63720703
25084,6861.41796875
25085,5899.38867188
25086,6717.09326172
25087,5834.15185547
25088,12010.6064453
25089,7734.48535156
25090,9998.38867188
25091,4771.890625
25092,7956.62646484
25093,4794.33789062
25094,9013.97753906
25095,6786.23681641
25096,6226.48291016
25097,6509.13330078
25098,5534.23779297
25099,9015.37890625
25100,9478.04882812
25101,5560.74316406
25102,10716.2138672
25103,6633.64746094
25104,9920.95214844
25105,5643.20605469
25106,5697.51904297
25107,5455.05810547
25108,10941.2226562
25109,6391.05029297
25110,7763.85693359
25111,7136.31591797
25112,9626.38476562
25113,4411.38964844
25114,8694.1640625
25115,7137.75244141
25116,4001.1550293
25117,15821.5976562
25118,16423.3339844
25119,7769.87255859
25120,7405.62304688
25121,9997.29199219
25122,10750.7753906
25123,11499.0849609
25124,5561.66601562
25125,7947.55517578
25126,6317.05712891
25127,8583.54882812
25128,3971.15014648
25129,6314.31591797
25130,5876.97363281
25131,5698.90527344
25132,7937.01855469
25133,5386.32226562
25134,5087.61425781
25135,7048.58398438
25136,3922.15234375
25137,4950.40478516
25138,6391.66015625
25139,7420.796875
25140,9448.19238281
25141,8754.91015625
25142,7081.71875
25143,6164.40527344
25144,6543.45068359
25145,11541.8818359
25146,8044.38769531
25147,5567.37695312
25148,5209.41455078
25149,10202.2138672
25150,4352.4375
25151,7459.62158203
25152,3461.30371094
25153,5827.14404297
25154,7663.30810547
25155,6848.24316406
25156,5588.70166016
25157,9742.42480469
25158,10121.7402344
25159,12942.5234375
25160,6136.21142578
25161,9530.74414062
25162,3368.08129883
25163,5280.85253906
25164,6612.72460938
25165,4637.25048828
25166,8592.33007812
25167,5430.46044922
25168,4931.37890625
25169,9341.0
25170,11495.6523438
25171,9077.52050781
25172,5374.75878906
25173,5659.48535156
25174,12706.8046875
25175,8006.81054688
25176,6360.54052734
25177,5382.96289062
25178,7099.03173828
25179,9881.40234375
25180,4872.65527344
25181,6414.29345703
25182,8217.93164062
25183,9216.76660156
25184,13209.0566406
25185,6591.41503906
25186,13913.2636719
25187,7032.61474609
25188,5212.64013672
25189,3830.27905273
25190,6639.26220703
25191,6484.87841797
25192,5677.19238281
25193,7380.97753906
25194,5256.43847656
25195,4654.26757812
25196,7648.10546875
25197,3698.22973633
25198,7841.88964844
25199,7007.03125
25200,7906.65185547
25201,9436.8984375
25202,5432.26855469
25203,9067.14550781
25204,6354.17333984
25205,5664.33496094
25206,5517.07177734
25207,5913.04980469
25208,10391.5146484
25209,6182.85986328
25210,4870.68945312
25211,8011.11914062
25212,9059.94433594
25213,7721.57080078
25214,6355.03417969
25215,9392.10058594
25216,5383.78466797
25217,5625.48193359
25218,6569.58496094
25219,9298.99902344
25220,6509.33789062
25221,6467.1875
25222,5655.68652344
25223,5837.02392578
25224,4511.38476562
25225,5179.87304688
25226,8470.71386719
25227,8786.4140625
25228,11079.6269531
25229,11960.3544922
25230,8165.39697266
25231,7689.65966797
25232,5060.50048828
25233,11074.7041016
25234,10433.9902344
25235,8014.42089844
25236,8901.47558594
25237,8641.4609375
25238,5479.69335938
25239,3696.81176758
25240,10988.1455078
25241,7060.1640625
25242,7486.32177734
25243,6274.31982422
25244,3304.1027832
25245,12377.7910156
25246,6543.12011719
25247,5000.13964844
25248,4727.88378906
25249,5668.96679688
25250,6079.88623047
25251,9024.15429688
25252,6611.29931641
25253,5514.12597656
25254,5213.02294922
25255,4770.91699219
25256,3203.90698242
25257,7289.02783203
25258,16862.3027344
25259,4343.28466797
25260,6096.72119141
25261,7703.78369141
25262,5285.90722656
25263,5522.36328125
25264,5081.33789062
25265,4321.93408203
25266,7634.64355469
25267,7617.50683594
25268,4186.25146484
25269,9058.76074219
25270,5946.49951172
25271,4755.57324219
25272,10935.6933594
25273,8075.484375
25274,9644.1953125
25275,5580.85498047
25276,6777.98974609
25277,5029.62988281
25278,5243.64355469
25279,17379.7226562
25280,11061.6884766
25281,6391.28857422
25282,5749.44726562
25283,4572.95996094
25284,5563.35302734
25285,4633.33300781
25286,9596.80175781
25287,5549.32421875
25288,5632.703125
25289,7282.94726562
25290,4807.59130859
25291,6379.52783203
25292,7143.57568359
25293,7427.96289062
25294,7266.25341797
25295,4370.14355469
25296,5512.97412109
25297,6638.47070312
25298,9127.50097656
25299,8640.57128906
25300,6984.57128906
25301,4936.18847656
25302,8072.43408203
25303,6623.77148438
25304,4558.92675781
25305,7064.92675781
25306,7353.24267578
25307,6896.16503906
25308,6743.31005859
25309,5961.24804688
25310,6765.18798828
25311,5414.63330078
25312,6856.68115234
25313,6590.453125
25314,6774.42822266
25315,9630.38964844
25316,6225.34228516
25317,5002.52978516
25318,12572.3925781
25319,6507.17773438
25320,4054.93969727
25321,7692.83544922
25322,8645.54199219
25323,10765.2216797
25324,5065.61035156
25325,5826.68310547
25326,6142.24316406
25327,7939.30517578
25328,6085.62988281
25329,9069.77441406
25330,3328.41772461
25331,6442.36376953
25332,6660.54199219
25333,5422.1015625
25334,5218.99853516
25335,6525.64990234
25336,8368.51757812
25337,5684.39306641
25338,8584.50683594
25339,7298.63574219
25340,8808.56542969
25341,5254.42822266
25342,6932.37744141
25343,6524.24951172
25344,7922.74609375
25345,8604.13085938
25346,3824.60522461
25347,8039.65527344
25348,7578.453125
25349,7723.83251953
25350,5215.62451172
25351,4390.34960938
25352,8793.63183594
25353,6819.42626953
25354,9813.75
25355,6694.0234375
25356,6186.52929688
25357,8667.80175781
25358,7074.77197266
25359,7177.71142578
25360,8166.58007812
25361,6441.6328125
25362,9391.93066406
25363,11313.3115234
25364,7838.75634766
25365,5077.46679688
25366,6064.08105469
25367,4876.05908203
25368,3498.40307617
25369,8505.61425781
25370,5757.51464844
25371,9241.828125
25372,4926.68212891
25373,6135.98339844
25374,6061.20117188
25375,10835.8251953
25376,5252.85498047
25377,5869.45019531
25378,6466.63232422
25379,7626.95068359
25380,5508.31689453
25381,7606.82666016
25382,7608.37939453
25383,8462.9765625
25384,7858.33203125
25385,7137.07861328
25386,5775.43994141
25387,4797.36669922
25388,4886.66064453
25389,11588.4404297
25390,9701.0703125
25391,8789.91699219
25392,14947.1679688
25393,6010.24560547
25394,5206.76171875
25395,6287.59570312
25396,9093.40332031
25397,10442.9609375
25398,7413.08544922
25399,7756.59619141
25400,8742.26855469
25401,7299.21337891
25402,7038.70800781
25403,5706.76513672
25404,4796.11767578
25405,5207.12402344
25406,4358.80273438
25407,5793.62548828
25408,8780.5078125
25409,17519.6835938
25410,6663.95458984
25411,4701.11767578
25412,8156.90429688
25413,4194.94189453
25414,6432.06689453
25415,4285.17285156
25416,8887.38476562
25417,6897.04003906
25418,6105.63671875
25419,13603.3251953
25420,11500.3574219
25421,6061.86572266
25422,6982.26025391
25423,3991.51782227
25424,5384.9296875
25425,5265.44580078
25426,8459.95019531
25427,5142.38476562
25428,4713.31201172
25429,6223.62060547
25430,5715.89550781
25431,7197.42773438
25432,7736.12255859
25433,3555.52441406
25434,7046.50732422
25435,8672.97070312
25436,7956.45996094
25437,5478.65869141
25438,5105.12402344
25439,8540.92871094
25440,4806.36669922
25441,10223.6337891
25442,4478.98974609
25443,5520.87792969
25444,7122.06396484
25445,6399.84082031
25446,5100.13525391
25447,6429.14746094
25448,8030.3671875
25449,9137.85742188
25450,10619.7070312
25451,5880.77587891
25452,3960.07763672
25453,5574.53955078
25454,5911.31835938
25455,5019.30664062
25456,6396.52099609
25457,6022.45166016
25458,11827.6435547
25459,8412.47753906
25460,6122.09912109
25461,7619.71582031
25462,4805.56933594
25463,9665.79882812
25464,6317.48486328
25465,14277.5048828
25466,6495.19091797
25467,5522.04199219
25468,5720.94091797
25469,3753.69335938
25470,6998.53515625
25471,20205.6660156
25472,4913.81298828
25473,4758.77685547
25474,10318.1064453
25475,6874.54541016
25476,7350.87939453
25477,8509.13574219
25478,6350.30761719
25479,5120.76464844
25480,4764.98193359
25481,9919.88183594
25482,6023.40478516
25483,7245.36669922
25484,8285.00878906
25485,4714.26513672
25486,8732.02636719
25487,6398.36376953
25488,4305.26513672
25489,8684.84863281
25490,8801.63671875
25491,4562.53808594
25492,8227.484375
25493,6762.62011719
25494,5213.34619141
25495,9339.7265625
25496,6159.54443359
25497,8226.15820312
25498,4476.84960938
25499,5029.84570312
25500,7531.70800781
25501,4440.70214844
25502,7610.66552734
25503,5075.95117188
25504,6114.30224609
25505,4900.02880859
25506,6428.11083984
25507,6417.52539062
25508,7369.63720703
25509,7005.59472656
25510,8168.72363281
25511,6033.35253906
25512,7721.40185547
25513,6684.21044922
25514,9945.13867188
25515,9445.32714844
25516,7189.06445312
25517,4066.0871582
25518,5923.18261719
25519,7306.171875
25520,4230.50537109
25521,12001.5146484
25522,5776.70117188
25523,6867.43505859
25524,10431.3828125
25525,6888.99267578
25526,4558.83544922
25527,12672.9892578
25528,10065.6435547
25529,6043.43212891
25530,9555.72851562
25531,9763.2890625
25532,6165.56982422
25533,5631.46777344
25534,6978.8046875
25535,5667.35058594
25536,5720.08984375
25537,7366.26416016
25538,4922.01757812
25539,6936.77587891
25540,7611.55175781
25541,6919.75976562
25542,8950.83789062
25543,5859.25878906
25544,7185.01269531
25545,4937.30419922
25546,7623.96191406
25547,7404.22460938
25548,6018.77636719
25549,7081.38769531
25550,7390.90332031
25551,9055.625
25552,6045.79589844
25553,5489.71191406
25554,6283.8125
25555,7546.92382812
25556,8085.15625
25557,4440.38476562
25558,4105.88964844
25559,8589.15136719
25560,6863.83984375
25561,5845.54296875
25562,8686.19921875
25563,6326.68115234
25564,7657.66748047
25565,5573.26904297
25566,3307.64746094
25567,7359.26269531
25568,6836.48291016
25569,6793.75634766
25570,9490.44140625
25571,9780.75488281
25572,5008.52197266
25573,8170.78759766
25574,4365.40234375
25575,2787.48608398
25576,7512.57324219
25577,11707.3642578
25578,8112.73339844
25579,7512.46582031
25580,4709.46533203
25581,6985.75048828
25582,9065.81347656
25583,6971.96484375
25584,8271.86230469
25585,5315.65283203
25586,4729.3359375
25587,5324.21337891
25588,5664.578125
25589,5624.32275391
25590,5599.33056641
25591,5067.28271484
25592,4061.07519531
25593,7159.93994141
25594,7435.03027344
25595,5858.42041016
25596,6332.65771484
25597,7661.71484375
25598,6176.97119141
25599,5281.21533203
25600,9563.61621094
25601,8106.58398438
25602,5656.64111328
25603,4031.7902832
25604,11948.4960938
25605,6496.89501953
25606,6125.58642578
25607,8757.47363281
25608,8575.81640625
25609,8006.54394531
25610,6090.53710938
25611,7216.09716797
25612,10091.4912109
25613,14514.9775391
25614,5683.95410156
25615,5183.98046875
25616,5145.00488281
25617,6887.00830078
25618,5972.39111328
25619,9441.67871094
25620,8968.81738281
25621,6075.66552734
25622,4068.91967773
25623,6124.10253906
25624,9693.45800781
25625,4962.11523438
25626,7683.03173828
25627,4163.53222656
25628,6945.70068359
25629,7734.69140625
25630,7857.60498047
25631,8974.64453125
25632,6372.54003906
25633,4225.80322266
25634,5841.11230469
25635,7918.40234375
25636,8966.55957031
25637,7906.69726562
25638,7886.95556641
25639,6356.47705078
25640,4641.72021484
25641,10468.4794922
25642,4601.47119141
25643,10253.2412109
25644,6316.32226562
25645,4608.30615234
25646,7662.70849609
25647,6072.82666016
25648,7932.68164062
25649,8414.70800781
25650,4235.6171875
25651,4806.26611328
25652,8134.47460938
25653,9025.34277344
25654,9966.21875
25655,5336.17578125
25656,5850.84814453
25657,6814.43945312
25658,6085.87939453
25659,5684.9140625
25660,10160.7001953
25661,8879.47070312
25662,11769.1962891
25663,4657.64697266
25664,6135.421875
25665,8914.38183594
25666,9427.29101562
25667,5653.55029297
25668,10078.8525391
25669,6514.52392578
25670,5592.85595703
25671,5258.96142578
25672,5409.21289062
25673,5221.89160156
25674,6276.22900391
25675,4971.71875
25676,5239.44873047
25677,9814.38671875
25678,6525.60009766
25679,22807.8828125
25680,6702.07324219
25681,4787.55175781
25682,8509.37109375
25683,11820.6064453
25684,7139.95849609
25685,8428.5234375
25686,6015.39550781
25687,7911.33642578
25688,8856.62597656
25689,6498.78515625
25690,6397.91210938
25691,7596.45117188
25692,8386.51953125
25693,8189.09863281
25694,9579.41894531
25695,6605.92285156
25696,5210.69140625
25697,6068.70410156
25698,11211.1191406
25699,11580.0771484
25700,11631.8701172
25701,9271.64257812
25702,5288.07568359
25703,6313.42480469
25704,4829.32666016
25705,9071.56542969
25706,12124.9423828
25707,10359.53125
25708,7054.34814453
25709,5958.17236328
25710,5101.09863281
25711,6654.11621094
25712,11735.5703125
25713,7503.64306641
25714,5213.30664062
25715,6040.57373047
25716,8362.90136719
25717,3887.29614258
25718,8195.17773438
25719,4827.75097656
25720,6894.93505859
25721,8092.20703125
25722,6048.79492188
25723,8012.29589844
25724,7626.33935547
25725,5568.13623047
25726,7885.60205078
25727,7590.30224609
25728,12169.0585938
25729,6298.02734375
25730,9186.375
25731,7749.04638672
25732,10191.8554688
25733,7454.73486328
25734,10575.2646484
25735,5478.96679688
25736,5666.03173828
25737,7174.46679688
25738,6388.70361328
25739,10098.8193359
25740,8654.98046875
25741,6407.54296875
25742,7970.84619141
25743,7088.7265625
25744,10360.7265625
25745,4528.22900391
25746,15351.1181641
25747,5630.15722656
25748,6501.15380859
25749,9573.84570312
25750,5506.68310547
25751,7023.29052734
25752,6821.48876953
25753,8695.14355469
25754,6074.48339844
25755,6244.40283203
25756,8533.90917969
25757,8597.79003906
25758,8372.00683594
25759,5581.73876953
25760,7452.43896484
25761,13195.4453125
25762,6898.0859375
25763,5549.55224609
25764,7102.81787109
25765,6079.72363281
25766,6548.85839844
25767,8445.671875
25768,4336.91259766
25769,9330.44921875
25770,6626.88720703
25771,7825.68310547
25772,9523.66503906
25773,4880.59570312
25774,6711.66894531
25775,5886.55078125
25776,9051.59179688
25777,10148.8837891
25778,5133.01953125
25779,5170.72607422
25780,7467.53759766
25781,6163.99951172
25782,6709.65283203
25783,8465.98828125
25784,7374.11669922
25785,8445.37402344
25786,6303.25585938
25787,4893.77441406
25788,7323.41162109
25789,8674.22753906
25790,8993.66796875
25791,9286.26269531
25792,9178.66796875
25793,7046.27880859
25794,9935.83789062
25795,6942.70654297
25796,7948.60888672
25797,9938.90917969
25798,6836.41113281
25799,12205.21875
25800,8565.515625
25801,8540.08984375
25802,6232.63867188
25803,8221.98535156
25804,9209.03417969
25805,7406.87304688
25806,4457.67431641
25807,5888.12255859
25808,8816.04589844
25809,6384.39111328
25810,4942.08691406
25811,9785.39257812
25812,7058.02294922
25813,6214.12988281
25814,6267.87158203
25815,6065.90869141
25816,9168.63085938
25817,7448.74316406
25818,7788.91992188
25819,6061.12011719
25820,5839.32910156
25821,7480.52587891
25822,4477.64404297
25823,7682.13769531
25824,6380.47070312
25825,9123.49707031
25826,8157.52685547
25827,6582.06054688
25828,13560.0351562
25829,6521.64257812
25830,5000.85986328
25831,12341.0722656
25832,7281.24560547
25833,8944.43652344
25834,7963.35351562
25835,5375.46142578
25836,6858.04150391
25837,5939.78173828
25838,9128.99804688
25839,13110.4814453
25840,7571.03320312
25841,3670.40478516
25842,4977.93017578
25843,10098.8769531
25844,9851.24316406
25845,7750.73193359
25846,7815.06884766
25847,4852.19677734
25848,5927.38183594
25849,3804.45385742
25850,5817.66455078
25851,6606.89306641
25852,7584.31787109
25853,7422.828125
25854,6814.66699219
25855,8842.23535156
25856,9698.99804688
25857,7675.90527344
25858,5734.36425781
25859,10207.703125
25860,12139.9150391
25861,6853.56884766
25862,8438.87597656
25863,6020.18896484
25864,7606.64550781
25865,4634.24365234
25866,8780.12207031
25867,6418.73730469
25868,9560.56054688
25869,7689.98193359
25870,9649.44921875
25871,8815.12988281
25872,5557.97998047
25873,9818.421875
25874,20967.2675781
25875,12215.7470703
25876,7463.94873047
25877,3400.890625
25878,6845.91162109
25879,10227.59375
25880,6584.96191406
25881,11955.4619141
25882,20335.734375
25883,4575.62988281
25884,6120.359375
25885,10131.5244141
25886,5221.42333984
25887,10446.8955078
25888,7678.71679688
25889,9321.296875
25890,4686.28417969
25891,7388.63378906
25892,7035.96289062
25893,7774.40917969
25894,11034.8916016
25895,5964.05712891
25896,6007.31103516
25897,7747.51660156
25898,6514.88476562
25899,5273.65429688
25900,8404.73046875
25901,6931.49169922
25902,6211.40429688
25903,8506.45800781
25904,7141.19140625
25905,6742.34521484
25906,7845.64550781
25907,7803.68017578
25908,9550.81835938
25909,8819.45117188
25910,8075.39160156
25911,5849.83789062
25912,4256.45214844
25913,7111.42675781
25914,7477.96533203
25915,6491.92724609
25916,4966.86035156
25917,10392.2275391
25918,8338.05957031
25919,10867.3193359
25920,7566.13183594
25921,6285.77294922
25922,5911.54980469
25923,4855.25195312
25924,11351.6708984
25925,5544.12890625
25926,8164.39941406
25927,17225.1191406
25928,7767.53125
25929,7459.89892578
25930,5078.49902344
25931,5267.82226562
25932,7784.61181641
25933,4770.51171875
25934,6271.38769531
25935,11244.6591797
25936,5860.84033203
25937,18098.9980469
25938,16257.0214844
25939,5129.2265625
25940,7193.26904297
25941,6563.265625
25942,7395.88183594
25943,6490.70117188
25944,12932.0605469
25945,8320.44726562
25946,11514.0419922
25947,5443.56542969
25948,8370.64160156
25949,4976.00732422
25950,9660.80273438
25951,7396.82714844
25952,6795.94677734
25953,6838.09375
25954,5681.35791016
25955,9504.20117188
25956,10262.8300781
25957,5914.02587891
25958,11455.375
25959,6585.15625
25960,11029.3779297
25961,6550.76953125
25962,6121.84814453
25963,6004.18945312
25964,11871.8554688
25965,6606.89892578
25966,8236.36425781
25967,7729.39648438
25968,10164.2763672
25969,4618.30859375
25970,9909.58496094
25971,8175.61376953
25972,4407.12060547
25973,16443.9140625
25974,17510.6308594
25975,8473.88085938
25976,7977.78271484
25977,11331.2275391
25978,11791.65625
25979,12623.9755859
25980,6502.22021484
25981,8794.31054688
25982,6762.87207031
25983,9129.05078125
25984,4479.26757812
25985,7283.70410156
25986,6374.47900391
25987,6144.17675781
25988,8442.59570312
25989,5813.859375
25990,5828.33398438
25991,7639.45117188
25992,4359.55517578
25993,5207.53613281
25994,7081.69189453
25995,7705.94433594
25996,10219.1201172
25997,9281.99511719
25998,7681.74951172
25999,6474.92724609
26000,6906.05224609
26001,12675.3212891
26002,8744.67773438
26003,6294.37597656
26004,5565.05664062
26005,10984.3740234
26006,4437.17529297
26007,7577.67236328
26008,3847.13061523
26009,6272.29736328
26010,8773.8515625
26011,7329.02246094
26012,5871.12451172
26013,10162.125
26014,10576.0019531
26015,13838.0957031
26016,6884.63134766
26017,9887.00195312
26018,3669.68359375
26019,5624.80029297
26020,7031.00537109
26021,5034.11279297
26022,8905.16210938
26023,5980.83398438
26024,5384.41601562
26025,9710.97558594
26026,12870.1943359
26027,9406.39941406
26028,5802.47412109
26029,6277.90576172
26030,12277.5117188
26031,7469.27587891
26032,7209.15576172
26033,5956.5703125
26034,7614.85546875
26035,11367.0019531
26036,4842.40820312
26037,7108.37548828
26038,8852.09082031
26039,9609.82714844
26040,15101.8525391
26041,6815.66748047
26042,15177.1523438
26043,7519.06787109
26044,5519.25097656
26045,4316.28955078
26046,7464.91699219
26047,7194.92919922
26048,6286.88818359
26049,7144.58398438
26050,5604.91992188
26051,5183.53076172
26052,8060.73925781
26053,4026.9934082
26054,8415.29394531
26055,7679.88867188
26056,8874.54394531
26057,9996.65332031
26058,5908.33642578
26059,9724.60058594
26060,6769.44824219
26061,5999.04833984
26062,5920.98535156
26063,5812.60595703
26064,11644.4238281
26065,6767.95654297
26066,5349.63574219
26067,8297.66210938
26068,9378.31640625
26069,8311.65820312
26070,7152.82763672
26071,9768.78515625
26072,5744.94677734
26073,5811.46386719
26074,7217.10888672
26075,9265.25195312
26076,7783.765625
26077,7573.34472656
26078,6285.38916016
26079,6165.24609375
26080,4963.07128906
26081,5547.27099609
26082,8785.96972656
26083,9511.74609375
26084,11647.8671875
26085,13110.0810547
26086,8726.90625
26087,8496.11230469
26088,5434.18066406
26089,11775.125
26090,11233.3603516
26091,8674.98828125
26092,9639.04589844
26093,10106.1230469
26094,5923.09765625
26095,4310.61962891
26096,11966.5390625
26097,7930.93408203
26098,8141.07226562
26099,7003.10302734
26100,3645.92871094
26101,13479.3945312
26102,6913.07714844
26103,5662.6171875
26104,4979.09375
26105,5941.2265625
26106,6961.01416016
26107,10057.3525391
26108,6765.38818359
26109,5897.88623047
26110,5606.02148438
26111,4798.68017578
26112,3607.58544922
26113,7905.26416016
26114,17751.453125
26115,4787.89892578
26116,6453.85253906
26117,8220.73925781
26118,5880.91552734
26119,6012.31542969
26120,5290.37646484
26121,4810.57763672
26122,8128.94433594
26123,7890.59765625
26124,4699.46289062
26125,9615.98828125
26126,7011.00244141
26127,5217.4453125
26128,11572.0507812
26129,8660.5625
26130,10437.9521484
26131,6617.06542969
26132,7703.15185547
26133,5426.40087891
26134,5684.51318359
26135,17632.0585938
26136,11701.2695312
26137,6741.0078125
26138,6632.01513672
26139,4827.53955078
26140,6005.48339844
26141,5147.10058594
26142,10309.5087891
26143,6046.609375
26144,6122.00537109
26145,7570.78808594
26146,5032.52880859
26147,7098.46972656
26148,8057.17333984
26149,7997.33935547
26150,7787.59716797
26151,5195.66357422
26152,5904.51708984
26153,6938.65576172
26154,10259.6787109
26155,9258.33496094
26156,7552.21679688
26157,5455.60449219
26158,8495.43945312
26159,7109.7109375
26160,4707.390625
26161,7858.2421875
26162,7958.00097656
26163,7601.80761719
26164,7251.28466797
26165,6699.18408203
26166,7204.27587891
26167,6069.25976562
26168,7286.62255859
26169,6868.14257812
26170,7744.24365234
26171,10352.4794922
26172,6608.08398438
26173,5415.11376953
26174,13307.0791016
26175,7381.23046875
26176,4192.10986328
26177,8683.39941406
26178,9044.52441406
26179,12101.2363281
26180,5449.41015625
26181,6540.73632812
26182,6752.43017578
26183,8433.78222656
26184,6832.08935547
26185,9637.859375
26186,3630.37036133
26187,7113.48242188
26188,7140.98046875
26189,6010.06787109
26190,5960.88378906
26191,6812.20361328
26192,9296.03808594
26193,6345.95458984
26194,9428.51367188
26195,8121.1875
26196,9467.45996094
26197,5296.89501953
26198,7729.67626953
26199,7173.078125
26200,8540.50488281
26201,8815.57519531
26202,4370.26855469
26203,8123.98388672
26204,7986.76611328
26205,8201.07324219
26206,5432.89013672
26207,4922.33691406
26208,9864.04785156
26209,7650.49121094
26210,10106.9707031
26211,7439.54150391
26212,6755.43847656
26213,9149.00292969
26214,8323.56640625
26215,8544.04101562
26216,8735.77441406
26217,7117.62939453
26218,10061.5644531
26219,11980.265625
26220,8673.91308594
26221,5785.36962891
26222,6745.87695312
26223,5377.91308594
26224,4030.46728516
26225,9306.70117188
26226,6050.37060547
26227,10271.3779297
26228,5457.32177734
26229,6708.66748047
26230,6732.28173828
26231,10999.0810547
26232,5454.26660156
26233,6232.31152344
26234,7126.92919922
26235,8470.171875
26236,6074.12988281
26237,7645.20263672
26238,7438.31396484
26239,8882.57128906
26240,8333.12207031
26241,7616.09033203
26242,6123.59423828
26243,5260.37597656
26244,5215.30615234
26245,13277.2109375
26246,10405.6767578
26247,9546.47363281
26248,15215.0234375
26249,6923.46337891
26250,5714.72851562
26251,7279.94042969
26252,9699.79296875
26253,11454.8730469
26254,8165.62304688
26255,8870.0078125
26256,9168.00195312
26257,7935.37548828
26258,7467.35253906
26259,6336.7421875
26260,5494.97705078
26261,5679.05517578
26262,4743.82958984
26263,6434.70556641
26264,9348.3984375
26265,18330.546875
26266,7296.86767578
26267,5058.27148438
26268,8560.96679688
26269,4555.19677734
26270,6703.68457031
26271,4839.12109375
26272,9873.96875
26273,7357.86572266
26274,6954.41113281
26275,15257.6142578
26276,11417.7763672
26277,6448.44384766
26278,7626.18701172
26279,4136.05615234
26280,5588.78173828
26281,5666.72900391
26282,8937.29980469
26283,5726.06738281
26284,4853.49267578
26285,6939.80712891
26286,5987.42626953
26287,8096.66259766
26288,8316.67871094
26289,3903.96655273
26290,7543.00195312
26291,9597.11425781
26292,8408.78710938
26293,6234.64794922
26294,5481.69042969
26295,9565.59570312
26296,5301.37841797
26297,10757.6777344
26298,4805.88085938
26299,6075.67724609
26300,7612.04492188
26301,7009.40429688
26302,5385.68457031
26303,6691.42529297
26304,8659.15039062
26305,9725.40722656
26306,11462.8515625
26307,6218.42285156
26308,4376.90185547
26309,5972.23193359
26310,6585.42626953
26311,5556.20947266
26312,7262.17236328
26313,6481.34082031
26314,13049.9140625
26315,8954.5859375
26316,6628.32861328
26317,8030.76513672
26318,5356.45703125
26319,10262.1054688
26320,6975.42382812
26321,15744.5273438
26322,7034.64794922
26323,6026.66357422
26324,6256.39794922
26325,4398.80029297
26326,7584.44775391
26327,20568.2558594
26328,5023.59326172
26329,5003.20751953
26330,11556.3339844
26331,7503.37841797
26332,7833.12841797
26333,8928.1328125
26334,7102.14013672
26335,5304.65136719
26336,5393.97753906
26337,11011.1738281
26338,6687.02294922
26339,7800.26464844
26340,8687.69921875
26341,5184.53466797
26342,9403.07128906
26343,7296.72802734
26344,4500.79785156
26345,9339.95898438
26346,10094.8320312
26347,4744.61767578
26348,8583.96777344
26349,7384.39941406
26350,5460.81542969
26351,9961.41015625
26352,6539.3515625
26353,8440.171875
26354,4759.37646484
26355,5485.23144531
26356,7489.41455078
26357,4604.00927734
26358,8307.23632812
26359,5204.14990234
26360,6644.73583984
26361,5407.87646484
26362,7094.58447266
26363,6802.59423828
26364,7935.29248047
26365,7767.97558594
26366,8636.56640625
26367,6657.39208984
26368,8217.49316406
26369,6811.63867188
26370,10463.5576172
26371,10067.2285156
26372,7630.203125
26373,4105.76416016
26374,6613.43115234
26375,8138.37792969
26376,4338.80810547
26377,12343.9443359
26378,6171.16455078
26379,7406.61181641
26380,11330.0175781
26381,7824.09375
26382,5140.38916016
26383,13785.9833984
26384,10540.3740234
26385,6304.81347656
26386,10971.5693359
26387,11600.3720703
26388,6463.42578125
26389,6204.16845703
26390,7720.91601562
26391,6388.94775391
26392,6209.94091797
26393,7725.07763672
26394,5383.27636719
26395,7913.50195312
26396,8197.96972656
26397,7791.98095703
26398,9597.9921875
26399,6329.65039062
26400,7862.98779297
26401,5405.15380859
26402,8225.21679688
26403,7921.13671875
26404,6583.93798828
26405,7644.36376953
26406,8075.39160156
26407,10237.9677734
26408,6497.14306641
26409,6204.03222656
26410,7141.49121094
26411,7551.94287109
26412,8957.47363281
26413,4559.57470703
26414,4590.73046875
26415,8122.48144531
26416,6802.08837891
26417,6575.27099609
26418,9235.19238281
26419,6609.60986328
26420,7678.21191406
26421,5830.69189453
26422,3605.34912109
26423,8037.72314453
26424,7464.96679688
26425,8469.42089844
26426,10077.2568359
26427,10146.0771484
26428,5344.74951172
26429,8885.69824219
26430,4532.14404297
26431,3333.82641602
26432,8210.69238281
26433,13204.1064453
26434,8476.66210938
26435,8218.08886719
26436,5684.29589844
26437,7841.58251953
26438,9861.72460938
26439,7750.90185547
26440,8981.04199219
26441,5596.75195312
26442,4961.42871094
26443,5938.75097656
26444,5968.54736328
26445,6161.47753906
26446,6203.93164062
26447,5867.66455078
26448,4440.28710938
26449,7958.04589844
26450,8840.09375
26451,6389.08203125
26452,7217.52880859
26453,8189.37304688
26454,6661.78759766
26455,5743.35253906
26456,9783.90917969
26457,8438.06347656
26458,5853.01318359
26459,4617.31298828
26460,14703.7324219
26461,7013.63769531
26462,7238.09375
26463,9506.86621094
26464,8751.88769531
26465,8756.46289062
26466,6458.76074219
26467,7750.71679688
26468,11941.7753906
26469,16256.8496094
26470,6660.42138672
26471,5890.76269531
26472,5346.37548828
26473,7383.22998047
26474,6374.15673828
26475,9135.0
26476,9834.23242188
26477,6518.14794922
26478,4555.24511719
26479,6863.38769531
26480,10576.1425781
26481,5643.65820312
26482,8310.63574219
26483,4493.04248047
26484,7401.83056641
26485,8266.43652344
26486,8523.52929688
26487,10001.3925781
26488,7234.35302734
26489,4533.99072266
26490,6139.94726562
26491,9248.43261719
26492,9620.4921875
26493,8303.88476562
26494,8416.6015625
26495,6872.3359375
26496,5006.98388672
26497,11405.5537109
26498,4871.22851562
26499,11289.3398438
26500,6813.24365234
26501,4737.41748047
26502,8487.70507812
26503,6868.71240234
26504,8642.33398438
26505,8995.06640625
26506,4524.51123047
26507,5353.00927734
26508,9086.35546875
26509,10328.0996094
26510,10520.15625
26511,5890.94287109
26512,6500.78808594
26513,7742.29394531
26514,6517.42041016
26515,6290.8828125
26516,11020.5771484
26517,9579.07128906
26518,13003.2988281
26519,4939.81542969
26520,6800.45361328
26521,9384.25683594
26522,9884.49414062
26523,6717.42041016
26524,11307.4658203
26525,7171.02587891
26526,6383.55712891
26527,5808.2109375
26528,6210.03564453
26529,5735.06982422
26530,7383.08251953
26531,5685.23925781
26532,6006.79541016
26533,10750.4257812
26534,6460.49804688
26535,23557.46875
26536,7229.98632812
26537,5257.86767578
26538,9324.50683594
26539,13944.4824219
26540,8426.81152344
26541,10213.9560547
26542,7085.13037109
26543,8993.26464844
26544,10494.8115234
26545,7784.87158203
26546,7643.02246094
26547,9339.80664062
26548,9914.30175781
26549,10123.6523438
26550,10594.5478516
26551,8057.62646484
26552,6276.69042969
26553,7985.41796875
26554,14090.6855469
26555,13439.484375
26556,13622.3710938
26557,12283.9423828
26558,5499.36572266
26559,7590.71484375
26560,5685.97705078
26561,10968.8583984
26562,15735.3701172
26563,11659.8828125
26564,9326.4453125
26565,7379.96337891
26566,5105.25097656
26567,8356.55371094
26568,14012.3017578
26569,9051.6875
26570,6960.48339844
26571,7684.70996094
26572,9573.65429688
26573,4781.3359375
26574,10166.0517578
26575,6400.52441406
26576,8816.90332031
26577,9684.26367188
26578,7281.66943359
26579,9991.83007812
26580,9663.45703125
26581,6412.08544922
26582,9125.18554688
26583,9652.97460938
26584,15190.2734375
26585,7799.46875
26586,11053.9785156
26587,8839.90722656
26588,11598.2597656
26589,9531.08007812
26590,13322.4316406
26591,6892.72558594
26592,6267.37548828
26593,8611.74121094
26594,8042.17041016
26595,12433.9824219
26596,11243.1357422
26597,8090.43212891
26598,10500.9199219
26599,8544.96191406
26600,12391.0087891
26601,5444.68164062
26602,17651.7265625
26603,6547.11572266
26604,7719.52392578
26605,11361.6904297
26606,6560.86816406
26607,9222.74609375
26608,8322.27148438
26609,11338.6220703
26610,7575.73632812
26611,7603.52636719
26612,10771.1162109
26613,10250.1025391
26614,10487.3769531
26615,6997.140625
26616,8800.30175781
26617,16762.5664062
26618,8290.05273438
26619,6495.37109375
26620,8857.62304688
26621,6966.88623047
26622,7873.41894531
26623,10027.6113281
26624,5111.82421875
26625,12954.2802734
26626,8010.5078125
26627,9896.97558594
26628,11469.4892578
26629,4971.14013672
26630,7926.67675781
26631,7405.61572266
26632,11537.1269531
26633,11626.1904297
26634,6061.26464844
26635,6261.8125
26636,9048.87304688
26637,7659.7421875
26638,8312.14941406
26639,9805.03027344
26640,8797.3984375
26641,9683.93164062
26642,7669.28955078
26643,5641.73681641
26644,9537.75488281
26645,10402.8388672
26646,10280.3857422
26647,12003.5859375
26648,11986.2080078
26649,8323.51855469
26650,13132.8320312
26651,8319.26367188
26652,9915.86230469
26653,13061.1699219
26654,8665.42089844
26655,14646.0693359
26656,9625.09082031
26657,11172.9902344
26658,7748.92822266
26659,9420.67480469
26660,12116.6992188
26661,9192.3515625
26662,5158.46435547
26663,6727.02490234
26664,10937.4453125
26665,7937.69238281
26666,5823.01611328
26667,12738.2685547
26668,7928.52148438
26669,7421.11523438
26670,7579.97119141
26671,7820.16894531
26672,10962.1757812
26673,9136.72460938
26674,9390.78417969
26675,7677.30371094
26676,7155.43457031
26677,9473.78320312
26678,5267.30957031
26679,8583.328125
26680,8103.07470703
26681,10986.7519531
26682,9557.80761719
26683,7644.45849609
26684,16795.0839844
26685,7721.64453125
26686,6153.38476562
26687,14443.5966797
26688,8715.93457031
26689,11880.2490234
26690,9172.25292969
26691,6998.91552734
26692,8520.09863281
26693,7337.52832031
26694,10960.6806641
26695,16742.6582031
26696,9254.81152344
26697,4331.64599609
26698,5893.62939453
26699,12466.8740234
26700,12482.2333984
26701,9321.76757812
26702,9804.20703125
26703,5774.52539062
26704,6555.58251953
26705,4417.89941406
26706,6544.23095703
26707,8104.77441406
26708,9663.79882812
26709,8596.41210938
26710,8162.04882812
26711,11047.4541016
26712,11963.8691406
26713,9281.703125
26714,7095.32861328
26715,12060.2861328
26716,16227.9140625
26717,8783.21289062
26718,9941.12695312
26719,7585.06298828
26720,9230.07617188
26721,6615.69628906
26722,10216.1289062
26723,8617.12304688
26724,11430.5791016
26725,9097.09082031
26726,12624.2646484
26727,10252.1757812
26728,6904.41796875
26729,12908.9423828
26730,23488.7304688
26731,15618.9853516
26732,9359.79101562
26733,4061.0246582
26734,8556.06933594
26735,12081.3076172
26736,8185.12402344
26737,12616.2363281
26738,22011.6269531
26739,5369.01513672
26740,7756.71435547
26741,12347.8417969
26742,6450.75683594
26743,12924.1435547
26744,9570.99804688
26745,11793.8613281
26746,5210.69677734
26747,9086.56347656
26748,8694.68652344
26749,9558.54589844
26750,14827.1074219
26751,7439.38525391
26752,7520.82519531
26753,9264.4921875
26754,8038.08349609
26755,6379.15625
26756,10212.71875
26757,8805.88574219
26758,7987.87109375
26759,10645.5976562
26760,8112.55517578
26761,7738.14453125
26762,9218.52441406
26763,9903.21582031
26764,12388.5625
26765,11049.6044922
26766,8852.0234375
26767,6878.00830078
26768,5202.67578125
26769,8512.65136719
26770,8753.04785156
26771,8614.74121094
26772,5980.12695312
26773,12257.5048828
26774,10494.8818359
26775,14019.3720703
26776,8715.76757812
26777,8282.33007812
26778,7396.34033203
26779,6070.55664062
26780,14655.0537109
26781,6871.73339844
26782,9769.79101562
26783,20138.0429688
26784,9716.43261719
26785,8742.65136719
26786,6726.26806641
26787,6195.92480469
26788,9607.17871094
26789,5585.83984375
26790,7172.71533203
26791,12695.4423828
26792,7333.11279297
26793,21092.3007812
26794,18507.8828125
26795,6399.34667969
26796,8687.32617188
26797,7333.65185547
26798,9167.87988281
26799,7635.91113281
26800,15544.5029297
26801,10674.7783203
26802,13591.7441406
26803,6356.16162109
26804,9682.33398438
26805,5997.88085938
26806,11386.0664062
26807,9494.50683594
26808,8778.07128906
26809,8409.10742188
26810,6062.51904297
26811,12205.4511719
26812,12147.3740234
26813,7261.97851562
26814,14749.84375
26815,8128.93652344
26816,13133.0830078
26817,6882.74658203
26818,7553.81591797
26819,8194.69335938
26820,15584.5527344
26821,8292.69433594
26822,10711.3398438
26823,10114.0107422
26824,12980.8095703
26825,5845.26416016
26826,10958.8623047
26827,9207.62011719
26828,5437.14599609
26829,18745.1601562
26830,19883.6464844
26831,10960.8476562
26832,10267.4599609
26833,13632.5605469
26834,14646.9072266
26835,14441.1181641
26836,7973.14990234
26837,11412.4960938
26838,8797.04589844
26839,11523.9414062
26840,5270.38525391
26841,8580.5703125
26842,7982.96630859
26843,7512.53027344
26844,10255.8427734
26845,6611.79785156
26846,7527.046875
26847,9613.88867188
26848,5353.55566406
26849,6565.20019531
26850,8121.41162109
26851,9878.30273438
26852,13560.2548828
26853,11168.0146484
26854,9224.33886719
26855,8185.01513672
26856,8579.09667969
26857,15094.0488281
26858,10467.6601562
26859,8017.98388672
26860,6717.27246094
26861,13604.0390625
26862,5218.50537109
26863,9546.77441406
26864,4768.58740234
26865,7394.51318359
26866,11012.1289062
26867,9212.06445312
26868,7277.38525391
26869,12943.3876953
26870,12722.1083984
26871,15623.8720703
26872,8061.53173828
26873,12204.6367188
26874,4342.21972656
26875,6712.07861328
26876,8580.25878906
26877,6305.50488281
26878,9980.79980469
26879,7357.57128906
26880,6459.03173828
26881,12253.0507812
26882,15048.46875
26883,11735.5585938
26884,7043.53710938
26885,7660.19482422
26886,14293.6630859
26887,8787.47753906
26888,8447.07421875
26889,7659.03369141
26890,9694.57714844
26891,13218.1933594
26892,5859.01269531
26893,8639.21972656
26894,11432.9882812
26895,11841.4130859
26896,17191.5546875
26897,8739.60839844
26898,17143.6308594
26899,9318.90527344
26900,6635.53955078
26901,4914.83496094
26902,8800.20214844
26903,9024.859375
26904,8312.11035156
26905,9052.87792969
26906,6811.9765625
26907,6714.45410156
26908,9877.3515625
26909,4928.28955078
26910,9489.60839844
26911,9913.00683594
26912,10318.7353516
26913,12514.8486328
26914,7735.71728516
26915,11190.2128906
26916,7655.91455078
26917,6997.046875
26918,7383.64550781
26919,6910.75
26920,13915.1220703
26921,8307.56933594
26922,6231.74121094
26923,10736.6337891
26924,12375.6191406
26925,10342.4316406
26926,8834.62304688
26927,11921.3027344
26928,6556.19580078
26929,6209.30712891
26930,8641.296875
26931,11430.2841797
26932,9096.04980469
26933,9347.93457031
26934,8296.03222656
26935,7952.21875
26936,5892.42626953
26937,6826.30517578
26938,10925.1845703
26939,11635.3984375
26940,13607.90625
26941,16300.2285156
26942,11247.9082031
26943,9485.27441406
26944,6270.82568359
26945,13537.5634766
26946,13725.6728516
26947,11442.0429688
26948,11558.2402344
26949,11732.9169922
26950,6896.77050781
26951,5178.63818359
26952,13435.7675781
26953,9830.76269531
26954,9848.62207031
26955,8335.5234375
26956,4416.52587891
26957,16407.3652344
26958,8571.39257812
26959,6941.36962891
26960,5748.90429688
26961,7183.16992188
26962,7771.29541016
26963,13004.2792969
26964,8169.39306641
26965,6912.89941406
26966,6976.04248047
26967,6040.01464844
26968,4117.73486328
26969,9686.76757812
26970,19101.5351562
26971,5409.29003906
26972,8030.84179688
26973,9959.90820312
26974,6944.28955078
26975,7416.49462891
26976,6594.93701172
26977,5921.99023438
26978,10256.3320312
26979,9987.90527344
26980,5547.03271484
26981,12239.4560547
26982,9201.25585938
26983,6327.54980469
26984,14598.0537109
26985,11144.3398438
26986,11873.4863281
26987,7997.02636719
26988,9000.65332031
26989,6426.40722656
26990,6663.78955078
26991,19859.9375
26992,14661.3027344
26993,8269.69238281
26994,8383.40917969
26995,6218.42285156
26996,7180.65576172
26997,5923.25048828
26998,11820.8994141
26999,6566.34619141
27000,7028.53125
27001,9819.1328125
27002,6123.27832031
27003,8443.81933594
27004,8923.11816406
27005,10379.8457031
27006,9821.89648438
27007,6502.4375
27008,7219.72558594
27009,8879.31933594
27010,12397.4150391
27011,11244.3583984
27012,9768.52441406
27013,6562.74560547
27014,10065.8066406
27015,7958.37255859
27016,5998.20166016
27017,9155.52441406
27018,10218.4179688
27019,9456.81933594
27020,9441.37207031
27021,7933.66552734
27022,9188.54785156
27023,7113.5703125
27024,8607.04492188
27025,8213.97460938
27026,9710.34570312
27027,12676.4462891
27028,7842.17382812
27029,6373.88916016
27030,16478.4667969
27031,8788.22363281
27032,4437.27685547
27033,9643.48632812
27034,10810.5244141
27035,13850.1777344
27036,6012.41259766
27037,8297.05273438
27038,8045.53125
27039,10004.0263672
27040,8263.51171875
27041,13343.8847656
27042,3872.78735352
27043,8600.77539062
27044,8951.67480469
27045,7197.54492188
27046,7456.76171875
27047,8377.046875
27048,12013.5507812
27049,7346.52636719
27050,10680.8271484
27051,10882.2548828
27052,12689.6435547
27053,6564.06054688
27054,9443.34472656
27055,8190.23193359
27056,10998.5253906
27057,11312.40625
27058,5335.75830078
27059,8432.10253906
27060,10458.9189453
27061,10303.3349609
27062,6261.95019531
27063,5382.81933594
27064,12733.9921875
27065,9342.23925781
27066,12387.9951172
27067,9553.65039062
27068,7545.49169922
27069,11585.9658203
27070,10121.6533203
27071,10530.7978516
27072,9971.83691406
27073,9326.15234375
27074,11741.4697266
27075,14630.78125
27076,9373.37109375
27077,6736.73974609
27078,8537.49902344
27079,6533.83398438
27080,4672.13964844
27081,11906.6796875
27082,7533.30273438
27083,12363.6679688
27084,6954.88867188
27085,8096.93310547
27086,8230.87597656
27087,12844.7724609
27088,6660.95556641
27089,7287.21386719
27090,8866.23632812
27091,9852.06054688
27092,7820.08740234
27093,9625.43066406
27094,8930.38867188
27095,9967.44433594
27096,10442.6123047
27097,9078.43847656
27098,7556.45361328
27099,6368.15869141
27100,6427.18505859
27101,16022.8486328
27102,12779.3369141
27103,11586.1855469
27104,15636.46875
27105,8335.80859375
27106,6920.75683594
27107,8765.0859375
27108,11793.9736328
27109,14607.0371094
27110,10439.4150391
27111,10737.3916016
27112,12147.4091797
27113,9284.625
27114,9744.25488281
27115,8063.5078125
27116,6801.91943359
27117,7085.6171875
27118,5653.75
27119,8520.31054688
27120,11883.0361328
27121,21422.6738281
27122,9014.34765625
27123,6154.97558594
27124,10722.1337891
27125,5893.66894531
27126,8729.11230469
27127,5460.76367188
27128,12053.4785156
27129,9345.64355469
27130,8860.546875
27131,19471.0742188
27132,12271.8232422
27133,8103.62304688
27134,9351.67089844
27135,4842.60693359
27136,6328.66650391
27137,6621.27685547
27138,11141.9384766
27139,7093.14355469
27140,5826.02148438
27141,7609.68603516
27142,7231.05517578
27143,9787.56738281
27144,11137.6132812
27145,4098.67382812
27146,9649.67871094
27147,11809.0332031
27148,10980.5927734
27149,8465.875
27150,6850.64746094
27151,11463.5068359
27152,6504.43505859
27153,13094.7607422
27154,6278.6484375
27155,8121.70605469
27156,9714.63476562
27157,8546.42871094
27158,6199.70800781
27159,9038.16015625
27160,10864.8740234
27161,11925.7382812
27162,14426.6767578
27163,7537.6796875
27164,5342.40478516
27165,7159.57177734
27166,7931.59228516
27167,6256.4453125
27168,9187.30273438
27169,7733.06152344
27170,15137.6005859
27171,11998.1835938
27172,8094.43847656
27173,9235.50195312
27174,6398.27832031
27175,12457.9716797
27176,7914.52832031
27177,17529.8769531
27178,8942.10839844
27179,7661.83886719
27180,7961.46972656
27181,5177.79345703
27182,8699.83886719
27183,24639.5585938
27184,6590.01318359
27185,6183.12548828
27186,13639.7666016
27187,8866.109375
27188,9129.17285156
27189,11172.1904297
27190,9090.36035156
27191,6838.30224609
27192,6313.87646484
27193,12821.3837891
27194,8178.58496094
27195,9171.84082031
27196,10667.8574219
27197,6361.59619141
27198,11139.6962891
27199,8399.03125
27200,4749.46240234
27201,10711.1865234
27202,11412.703125
27203,5460.38867188
27204,10707.0595703
27205,9771.70117188
27206,6952.45458984
27207,12360.4384766
27208,8522.22851562
27209,10483.4775391
27210,6109.60986328
27211,6888.90039062
27212,8482.78320312
27213,5713.06640625
27214,9997.81640625
27215,6787.68066406
27216,7743.24658203
27217,6584.98681641
27218,9155.92480469
27219,7451.78466797
27220,9356.140625
27221,9892.34082031
27222,11000.109375
27223,8740.78417969
27224,10058.3017578
27225,7304.02587891
27226,12705.0957031
27227,12231.1474609
27228,8767.98730469
27229,4933.81103516
27230,7815.27783203
27231,10175.625
27232,4860.86376953
27233,15312.7773438
27234,7642.97167969
27235,8915.51269531
27236,13473.2890625
27237,8194.68554688
27238,6754.33642578
27239,16262.2001953
27240,13051.7685547
27241,7276.48974609
27242,12230.5283203
27243,12544.9511719
27244,8141.72460938
27245,6778.47412109
27246,9451.28320312
27247,7748.15185547
27248,7021.18115234
27249,9611.07421875
27250,6575.33398438
27251,7952.62060547
27252,10780.0683594
27253,9554.63574219
27254,13124.4804688
27255,7430.35107422
27256,9296.09082031
27257,6333.90234375
27258,9762.81445312
27259,9829.77734375
27260,8295.73925781
27261,8805.93554688
27262,9936.99414062
27263,12539.5927734
27264,8487.42089844
27265,7342.44970703
27266,9048.6484375
27267,9312.70410156
27268,10317.6035156
27269,5321.98388672
27270,5520.08251953
27271,8920.94824219
27272,7315.48779297
27273,8175.36376953
27274,11133.9814453
27275,7824.65283203
27276,9579.37207031
27277,7666.67089844
27278,4309.57177734
27279,10051.8574219
27280,9102.80175781
27281,10075.3837891
27282,11868.6171875
27283,12222.7158203
27284,6174.50927734
27285,11047.2226562
27286,4758.66796875
27287,3837.99633789
27288,10009.0371094
27289,14559.0253906
27290,10415.5761719
27291,10393.5957031
27292,7189.27050781
27293,9930.52246094
27294,12207.2675781
27295,9275.49023438
27296,10386.9658203
27297,6422.80371094
27298,5838.87255859
27299,6905.04394531
27300,7537.68701172
27301,7456.47021484
27302,8162.99804688
27303,7955.23046875
27304,5109.55712891
27305,9054.86425781
27306,10403.5039062
27307,8133.48925781
27308,8296.42773438
27309,10487.8671875
27310,7910.97412109
27311,6633.95166016
27312,13226.4404297
27313,10653.7841797
27314,7430.03955078
27315,6027.16357422
27316,17623.6855469
27317,8916.20214844
27318,9507.57421875
27319,12653.21875
27320,10299.0810547
27321,11457.9433594
27322,7899.01611328
27323,8964.55078125
27324,13771.0673828
27325,19537.1660156
27326,8239.59472656
27327,7587.89208984
27328,6631.80029297
27329,8761.23242188
27330,8230.93066406
27331,10485.1660156
27332,12567.0820312
27333,7282.16943359
27334,5542.95996094
27335,8325.09863281
27336,13040.8935547
27337,7047.82470703
27338,10780.140625
27339,5094.52441406
27340,9868.93261719
27341,9115.81738281
27342,10739.4394531
27343,11700.8564453
27344,9080.03125
27345,5799.84619141
27346,7870.58886719
27347,10869.0205078
27348,11241.8388672
27349,10511.5507812
27350,10635.8642578
27351,8593.24804688
27352,6361.76611328
27353,13213.4414062
27354,5913.85644531
27355,13033.2958984
27356,8478.52929688
27357,6079.97900391
27358,10541.3486328
27359,7866.01806641
27360,10708.0703125
27361,10331.8134766
27362,5560.30761719
27363,6890.40527344
27364,11513.2080078
27365,12497.7080078
27366,12971.1806641
27367,7077.05957031
27368,7253.65087891
27369,10298.5595703
27370,8467.04589844
27371,7698.20117188
27372,13716.6425781
27373,12586.1660156
27374,14369.0712891
27375,5946.23291016
27376,8540.88769531
27377,9706.62304688
27378,12271.0615234
27379,8099.68994141
27380,14741.2226562
27381,8289.34863281
27382,7917.63232422
27383,7093.96191406
27384,8245.45019531
27385,6862.60253906
27386,9135.37402344
27387,7100.5078125
27388,7940.18310547
27389,14332.7050781
27390,7455.76611328
27391,25985.8515625
27392,9602.9375
27393,3920.71582031
27394,3367.73461914
27395,3999.59033203
27396,2868.42944336
27397,5096.14746094
27398,4260.02636719
27399,5997.92138672
27400,4973.11328125
27401,4333.8359375
27402,3090.95068359
27403,5670.57324219
27404,4405.85107422
27405,3787.13891602
27406,5434.3828125
27407,4732.35009766
27408,3351.67407227
27409,3676.01147461
27410,3798.97802734
27411,9450.2734375
27412,5039.91699219
27413,5717.94580078
27414,3174.69628906
27415,4214.42236328
27416,2538.91308594
27417,4377.68701172
27418,5300.52880859
27419,7357.01660156
27420,5525.38232422
27421,2528.68041992
27422,3929.81494141
27423,5422.11669922
27424,6439.67285156
27425,3908.37841797
27426,5003.73242188
27427,4584.29785156
27428,4475.13330078
27429,2424.98217773
27430,5914.89990234
27431,3884.64575195
27432,5849.12402344
27433,5207.42236328
27434,2539.41455078
27435,6871.96875
27436,5133.51416016
27437,4154.14941406
27438,3769.69018555
27439,6441.79833984
27440,7631.0546875
27441,5290.53759766
27442,4604.79931641
27443,7302.60449219
27444,6590.74853516
27445,5145.9375
27446,3952.36401367
27447,2161.56835938
27448,2409.07324219
27449,4234.56298828
27450,4027.36206055
27451,4198.47705078
27452,6580.54736328
27453,4074.66040039
27454,7751.03466797
27455,7240.68994141
27456,2948.77001953
27457,2743.21826172
27458,10553.0478516
27459,3032.13647461
27460,4090.62768555
27461,4968.20117188
27462,3916.69750977
27463,5060.12402344
27464,2411.07006836
27465,4628.84082031
27466,3729.18115234
27467,4519.42138672
27468,7779.92822266
27469,6234.53515625
27470,4603.79833984
27471,2950.62426758
27472,5833.04443359
27473,10284.8671875
27474,4513.90673828
27475,2608.12939453
27476,5857.24169922
27477,5219.83496094
27478,4895.77734375
27479,7768.390625
27480,2099.88745117
27481,6964.40136719
27482,3427.63720703
27483,5203.32128906
27484,4684.89453125
27485,2364.89379883
27486,4067.54980469
27487,4567.44921875
27488,6679.80712891
27489,6108.14697266
27490,3980.74560547
27491,4153.00048828
27492,6571.66552734
27493,5607.66845703
27494,4480.34423828
27495,4270.35253906
27496,4475.4453125
27497,5363.71728516
27498,4184.31152344
27499,2897.29321289
27500,4996.90722656
27501,4753.16503906
27502,6682.99951172
27503,5796.17382812
27504,5316.10351562
27505,3519.06152344
27506,5005.26953125
27507,3028.49975586
27508,3076.83520508
27509,4642.99560547
27510,6140.83740234
27511,4911.37646484
27512,6991.14990234
27513,6302.47460938
27514,4040.19824219
27515,4978.58544922
27516,6638.86962891
27517,3946.19311523
27518,2805.58789062
27519,4017.0793457
27520,4230.29541016
27521,4990.95263672
27522,2828.64428711
27523,3845.58251953
27524,5979.20263672
27525,5521.99951172
27526,5465.39111328
27527,2667.39575195
27528,5140.41845703
27529,5346.05957031
27530,2759.03149414
27531,4633.74853516
27532,3284.35180664
27533,4951.52880859
27534,3532.25878906
27535,3414.74902344
27536,3793.28540039
27537,4241.34667969
27538,5556.23095703
27539,6177.23681641
27540,12404.1923828
27541,4147.94482422
27542,3531.28515625
27543,9591.17480469
27544,4716.43798828
27545,6973.58740234
27546,5501.66894531
27547,4570.23876953
27548,5529.07763672
27549,4382.16992188
27550,3986.65869141
27551,7985.07519531
27552,2984.89013672
27553,2613.80639648
27554,2559.90429688
27555,5851.61816406
27556,6245.15869141
27557,5415.81591797
27558,4966.90722656
27559,4223.56201172
27560,2041.95141602
27561,1799.65771484
27562,3171.01245117
27563,3921.20214844
27564,6101.53808594
27565,4137.77685547
27566,3775.66088867
27567,6979.40332031
27568,4513.53662109
27569,5740.97558594
27570,4431.90039062
27571,5464.75
27572,7755.95996094
27573,3424.74780273
27574,5352.17724609
27575,3574.89648438
27576,6204.67724609
27577,2868.86743164
27578,4613.37304688
27579,4253.38769531
27580,5810.69873047
27581,5264.80810547
27582,4818.48535156
27583,6205.05615234
27584,3640.05908203
27585,6114.44238281
27586,19005.96875
27587,6053.97265625
27588,3172.13500977
27589,2898.71118164
27590,5491.59716797
27591,5814.78515625
27592,4180.99169922
27593,15790.1367188
27594,29141.8027344
27595,4665.48632812
27596,2596.70996094
27597,8564.9609375
27598,2877.75537109
27599,5647.61621094
27600,2925.19921875
27601,4440.94384766
27602,6962.26269531
27603,5700.45947266
27604,4870.78710938
27605,4021.51904297
27606,6556.72705078
27607,4672.92431641
27608,4693.00732422
27609,6105.05419922
27610,5016.31494141
27611,5609.40722656
27612,6367.703125
27613,4613.90136719
27614,5225.29492188
27615,3648.46508789
27616,3463.12670898
27617,4969.95458984
27618,3967.97314453
27619,4633.92529297
27620,6304.07373047
27621,5882.66064453
27622,5331.08837891
27623,3536.52050781
27624,3403.0065918
27625,3156.7421875
27626,4392.61132812
27627,5218.88427734
27628,2697.50634766
27629,4612.12304688
27630,4724.55664062
27631,3275.91259766
27632,4960.70947266
27633,3676.52685547
27634,2819.11694336
27635,2266.06591797
27636,6333.99316406
27637,5457.36865234
27638,4245.17138672
27639,13232.7119141
27640,6201.65966797
27641,3244.67407227
27642,4794.79541016
27643,2332.31738281
27644,3391.76049805
27645,3692.1809082
27646,3276.92211914
27647,8268.63671875
27648,4004.13696289
27649,7713.3125
27650,11400.4638672
27651,4999.03808594
27652,3871.15844727
27653,3880.22753906
27654,4335.48193359
27655,4496.68212891
27656,8673.53320312
27657,4493.83105469
27658,6001.89306641
27659,3051.83520508
27660,4446.19970703
27661,4124.34326172
27662,5336.59326172
27663,6087.97558594
27664,4737.9921875
27665,5775.59423828
27666,8241.015625
27667,5773.61132812
27668,5409.04248047
27669,5206.95068359
27670,7493.95166016
27671,5823.46630859
27672,7149.72412109
27673,3141.61303711
27674,5284.31933594
27675,4240.65478516
27676,5257.15576172
27677,6183.43164062
27678,6714.23632812
27679,5274.98730469
27680,4532.71044922
27681,4337.25244141
27682,5500.26269531
27683,5893.13427734
27684,2697.62329102
27685,12040.5175781
27686,16875.2050781
27687,6131.39648438
27688,5305.59716797
27689,5880.04101562
27690,7020.75244141
27691,7719.63476562
27692,2290.87475586
27693,3796.0871582
27694,4568.38623047
27695,6740.7890625
27696,2484.18603516
27697,3826.38623047
27698,4991.71923828
27699,4605.64306641
27700,4343.23046875
27701,2920.08447266
27702,2671.3137207
27703,5943.02929688
27704,3790.95556641
27705,3582.83740234
27706,5244.29394531
27707,4238.40625
27708,6257.37011719
27709,7788.94189453
27710,4060.22290039
27711,6123.50634766
27712,5687.06738281
27713,10571.3320312
27714,3712.63012695
27715,2495.66113281
27716,3904.03735352
27717,7535.78222656
27718,3662.99316406
27719,5998.98535156
27720,1929.3548584
27721,3328.8972168
27722,4854.11767578
27723,6095.61621094
27724,4223.66699219
27725,6408.83300781
27726,5925.38037109
27727,9657.91894531
27728,1869.57202148
27729,6279.81591797
27730,1886.13269043
27731,3172.3984375
27732,5975.49658203
27733,4478.2421875
27734,10021.4638672
27735,2337.22802734
27736,3875.20410156
27737,3113.35620117
27738,8153.97167969
27739,6473.65527344
27740,4813.35888672
27741,2427.88867188
27742,6230.77832031
27743,6943.66064453
27744,3914.31811523
27745,4050.22338867
27746,7662.69433594
27747,4915.63671875
27748,3127.18261719
27749,4025.38037109
27750,6747.51123047
27751,3499.5378418
27752,10684.9941406
27753,6871.54296875
27754,10714.5585938
27755,6068.76171875
27756,4028.94116211
27757,1946.97875977
27758,5985.58837891
27759,5174.75732422
27760,3886.49536133
27761,6136.19433594
27762,4401.92773438
27763,2645.81616211
27764,5683.88916016
27765,3117.81738281
27766,6632.26806641
27767,6268.40380859
27768,7048.71875
27769,5185.60742188
27770,3842.32250977
27771,6100.68847656
27772,5850.38427734
27773,4831.89306641
27774,5767.46826172
27775,2866.32177734
27776,9276.48925781
27777,6408.12353516
27778,3144.34765625
27779,4000.7199707
27780,5048.61621094
27781,4823.94433594
27782,3583.11083984
27783,3356.95727539
27784,4525.68994141
27785,7313.4921875
27786,4282.92529297
27787,6069.35791016
27788,3690.87084961
27789,2681.10522461
27790,4888.13378906
27791,4906.20703125
27792,3111.65478516
27793,4025.76049805
27794,6636.90087891
27795,2549.74169922
27796,8391.20898438
27797,6388.49707031
27798,6021.296875
27799,6330.71923828
27800,3901.40893555
27801,9288.79589844
27802,4808.93505859
27803,6295.91943359
27804,3800.35522461
27805,3476.5390625
27806,4188.65625
27807,2300.24658203
27808,11263.2822266
27809,5735.8515625
27810,5138.26123047
27811,4326.78515625
27812,1564.52246094
27813,6283.84863281
27814,5192.78027344
27815,3251.71411133
27816,3440.79711914
27817,4923.68457031
27818,5079.37109375
27819,3859.4074707
27820,8167.81152344
27821,4626.41259766
27822,3378.88134766
27823,3133.39404297
27824,2859.9206543
27825,4271.27294922
27826,19001.8730469
27827,3399.18457031
27828,4860.72509766
27829,4677.0625
27830,3728.34887695
27831,3133.43579102
27832,5056.38964844
27833,2410.33886719
27834,8920.4296875
27835,5017.84179688
27836,2684.87060547
27837,6190.27734375
27838,2239.93920898
27839,3601.12817383
27840,7074.14404297
27841,4747.67773438
27842,8604.81152344
27843,2223.13549805
27844,4207.80664062
27845,3756.87084961
27846,3754.98266602
27847,14932.4208984
27848,7964.11328125
27849,3267.01171875
27850,2924.03173828
27851,4649.22216797
27852,3724.10839844
27853,2370.05737305
27854,6388.91113281
27855,4521.85351562
27856,4852.72412109
27857,5672.65087891
27858,4170.73876953
27859,4367.84716797
27860,5170.90869141
27861,6086.23974609
27862,6112.53027344
27863,2599.6484375
27864,5266.40087891
27865,5733.79541016
27866,7210.37304688
27867,3260.82495117
27868,6460.48583984
27869,2202.47094727
27870,7646.24560547
27871,4653.25048828
27872,2647.17700195
27873,3694.38647461
27874,3468.96582031
27875,4281.66308594
27876,5635.85791016
27877,3583.24072266
27878,5958.20654297
27879,4382.50830078
27880,6069.00488281
27881,6709.51171875
27882,4986.21826172
27883,5516.04589844
27884,5468.63964844
27885,2249.14868164
27886,9042.79101562
27887,3193.1237793
27888,3009.93359375
27889,4522.11230469
27890,6787.46044922
27891,8478.95800781
27892,4159.43896484
27893,3234.07446289
27894,5677.51171875
27895,5862.65185547
27896,3519.39379883
27897,6253.74267578
27898,2595.87402344
27899,3962.32226562
27900,3594.97070312
27901,3109.83862305
27902,2837.81787109
27903,5667.00488281
27904,4678.01269531
27905,5459.22753906
27906,5311.1015625
27907,6584.42773438
27908,4832.94873047
27909,3943.52148438
27910,4796.33251953
27911,4385.20117188
27912,5790.51513672
27913,4519.83544922
27914,1812.83898926
27915,12538.4570312
27916,6036.02929688
27917,5080.09765625
27918,5196.04541016
27919,3086.67822266
27920,8994.38867188
27921,2900.40161133
27922,6075.49169922
27923,4342.63427734
27924,4242.54052734
27925,6050.12841797
27926,3720.89819336
27927,4074.37646484
27928,6400.47558594
27929,2598.43334961
27930,5919.83349609
27931,8082.43408203
27932,5001.13671875
27933,2692.35375977
27934,4680.68652344
27935,3725.29516602
27936,2064.63183594
27937,4019.51708984
27938,5533.06103516
27939,3411.08642578
27940,4669.24414062
27941,4484.47460938
27942,4378.24609375
27943,8416.16015625
27944,4369.45117188
27945,5289.07958984
27946,3802.56347656
27947,4679.80224609
27948,5299.85107422
27949,4387.41894531
27950,5784.31591797
27951,6939.52246094
27952,6959.51416016
27953,5036.04833984
27954,3545.59375
27955,2727.18457031
27956,4303.76269531
27957,7602.22119141
27958,4475.58544922
27959,5424.10839844
27960,15532.1425781
27961,2775.60986328
27962,3911.74267578
27963,3806.00756836
27964,5192.28955078
27965,6631.92041016
27966,6916.28222656
27967,5818.41894531
27968,5673.14306641
27969,6500.85644531
27970,5488.23535156
27971,4337.80664062
27972,2008.09606934
27973,4256.49267578
27974,3034.11254883
27975,2630.93139648
27976,3958.11767578
27977,15119.0898438
27978,4445.67822266
27979,2329.64208984
27980,4087.84619141
27981,4011.7565918
27982,4038.24121094
27983,2148.39916992
27984,3637.98339844
27985,5997.38378906
27986,2745.4543457
27987,10066.3056641
27988,11280.3212891
27989,2847.23461914
27990,4167.74804688
27991,3570.61938477
27992,3802.48022461
27993,3825.54663086
27994,5741.3203125
27995,3315.10253906
27996,3751.9140625
27997,4554.64550781
27998,4529.43408203
27999,3930.75195312
28000,6481.18652344
28001,2952.04345703
28002,7093.08886719
28003,5612.23291016
28004,3857.42749023
28005,2797.72851562
28006,3111.98730469
28007,3741.74926758
28008,4268.49951172
28009,6495.95361328
28010,3441.60131836
28011,2427.12329102
28012,5549.25
28013,4228.375
28014,4317.86279297
28015,3750.64746094
28016,5592.76513672
28017,7764.62011719
28018,3987.75756836
28019,4671.38232422
28020,3482.83935547
28021,4083.57104492
28022,5527.46435547
28023,3343.89135742
28024,4018.02587891
28025,4121.38964844
28026,9690.52832031
28027,6488.94335938
28028,2773.30688477
28029,4345.82470703
28030,4526.84277344
28031,3537.68823242
28032,5457.07177734
28033,9069.79199219
28034,6260.21191406
28035,4226.07666016
28036,3479.53833008
28037,1780.05395508
28038,3268.32739258
28039,20321.9707031
28040,2033.52099609
28041,4246.49169922
28042,4183.46923828
28043,5662.28222656
28044,4727.27929688
28045,6099.53613281
28046,5047.7734375
28047,4671.27539062
28048,2773.04101562
28049,5570.73388672
28050,3774.09448242
28051,5705.94873047
28052,7054.20703125
28053,3832.33666992
28054,6638.39453125
28055,5517.79785156
28056,3380.30322266
28057,4492.32666016
28058,2837.11816406
28059,2697.83959961
28060,7729.27880859
28061,5389.70898438
28062,2400.43408203
28063,6692.9765625
28064,7010.46728516
28065,3202.21118164
28066,4394.42236328
28067,2717.83300781
28068,4072.41430664
28069,3115.13574219
28070,5175.57617188
28071,2327.42504883
28072,4988.98730469
28073,2601.48071289
28074,5048.28369141
28075,5395.42871094
28076,3243.92211914
28077,4873.77587891
28078,6295.43896484
28079,5186.37939453
28080,6246.26123047
28081,5006.64941406
28082,4347.06054688
28083,5694.55273438
28084,6218.49414062
28085,3940.90405273
28086,5013.20117188
28087,4080.66992188
28088,3533.35083008
28089,9612.50390625
28090,4959.02539062
28091,4810.78857422
28092,7977.88183594
28093,5800.04492188
28094,2211.56640625
28095,8945.16210938
28096,6000.19873047
28097,5867.38476562
28098,5802.3359375
28099,5209.86181641
28100,7488.98583984
28101,4674.85058594
28102,3897.03466797
28103,3216.19287109
28104,5202.08496094
28105,6358.5625
28106,2234.80957031
28107,8190.73193359
28108,5383.56884766
28109,4640.85253906
28110,5436.68505859
28111,3714.16040039
28112,6004.31542969
28113,3095.70751953
28114,4256.53320312
28115,4220.67041016
28116,2450.5925293
28117,4993.30517578
28118,5777.61083984
28119,5576.55566406
28120,5269.71191406
28121,3907.47998047
28122,5233.92431641
28123,5401.07226562
28124,7898.91015625
28125,2585.0703125
28126,2733.56152344
28127,7371.00146484
28128,10592.1738281
28129,3663.62915039
28130,6124.42382812
28131,5890.52148438
28132,5041.734375
28133,3321.51586914
28134,1375.07751465
28135,6148.09863281
28136,4901.73974609
28137,4886.14794922
28138,8223.7265625
28139,4565.24560547
28140,3047.08740234
28141,2995.56176758
28142,2731.48364258
28143,939.147155762
28144,5224.22314453
28145,9709.10449219
28146,4417.44482422
28147,4152.36279297
28148,2732.80395508
28149,4499.45849609
28150,6981.06787109
28151,5443.24853516
28152,6486.74658203
28153,3422.38354492
28154,4166.515625
28155,3195.42749023
28156,5433.96826172
28157,3036.40332031
28158,2398.01904297
28159,3506.22753906
28160,3511.99194336
28161,5399.72265625
28162,3505.57226562
28163,3807.16577148
28164,5093.91210938
28165,6436.08691406
28166,4612.51953125
28167,3145.1574707
28168,5948.4453125
28169,5259.52294922
28170,5334.71044922
28171,1782.13757324
28172,4537.54248047
28173,4565.85498047
28174,3442.57666016
28175,5004.04248047
28176,6951.75830078
28177,5073.2890625
28178,5837.8984375
28179,4901.87988281
28180,5917.94140625
28181,10204.6171875
28182,2993.27368164
28183,2733.58081055
28184,3517.54443359
28185,4576.50341797
28186,4776.6953125
28187,5647.88037109
28188,4312.43359375
28189,5489.51269531
28190,2581.68505859
28191,5568.92773438
28192,4624.29443359
28193,3207.63818359
28194,5520.43554688
28195,3209.71630859
28196,5374.48730469
28197,4991.30029297
28198,4256.17578125
28199,4548.02490234
28200,2955.88427734
28201,4293.4296875
28202,6059.10839844
28203,3713.44116211
28204,7541.44824219
28205,4091.83764648
28206,7161.83886719
28207,4979.16503906
28208,3382.53857422
28209,5761.50244141
28210,2973.76269531
28211,8008.96484375
28212,4817.18994141
28213,3974.19311523
28214,5977.93652344
28215,4193.45751953
28216,3823.72241211
28217,4753.14697266
28218,2804.43457031
28219,2705.11376953
28220,5447.34130859
28221,3646.3737793
28222,6995.51855469
28223,5231.38427734
28224,4986.83154297
28225,3209.79003906
28226,5589.08007812
28227,2716.39697266
28228,8514.06445312
28229,4487.83789062
28230,11329.8222656
28231,5178.20849609
28232,4391.69824219
28233,12256.5341797
28234,5633.60595703
28235,2727.1484375
28236,7202.70849609
28237,5602.24755859
28238,4733.09033203
28239,5368.52832031
28240,4344.17089844
28241,2831.31982422
28242,4173.22998047
28243,2880.75097656
28244,2712.26538086
28245,5620.171875
28246,5156.32910156
28247,23500.4257812
28248,5918.76611328
28249,4328.99365234
28250,3748.5012207
28251,6979.62988281
28252,3255.78955078
28253,5971.04150391
28254,4871.05224609
28255,5725.94189453
28256,6080.69238281
28257,4383.54541016
28258,3203.00244141
28259,5872.19384766
28260,5261.16894531
28261,4271.30175781
28262,5015.55957031
28263,5231.88818359
28264,2972.45507812
28265,4392.36035156
28266,7157.07275391
28267,8098.50732422
28268,6610.88964844
28269,6751.86962891
28270,3239.13500977
28271,5371.05371094
28272,2153.86767578
28273,7666.99267578
28274,8012.15869141
28275,8077.47167969
28276,5893.62353516
28277,2655.41796875
28278,4435.71972656
28279,5438.54150391
28280,7611.81982422
28281,3916.2565918
28282,5522.14697266
28283,4241.80419922
28284,5559.76171875
28285,2362.36157227
28286,7301.46923828
28287,4211.77392578
28288,6188.60058594
28289,5669.88671875
28290,3502.27636719
28291,8000.51318359
28292,5087.84179688
28293,4567.10986328
28294,3622.14428711
28295,7606.35546875
28296,10282.1015625
28297,5974.00976562
28298,5168.01904297
28299,8420.53710938
28300,7504.92431641
28301,5414.15771484
28302,6153.84228516
28303,1815.34204102
28304,2509.52832031
28305,4476.29443359
28306,6154.40039062
28307,6630.03564453
28308,7291.87207031
28309,4166.42822266
28310,8143.35498047
28311,6993.93115234
28312,4863.67919922
28313,2724.02783203
28314,10384.5585938
28315,3109.45605469
28316,3446.30615234
28317,6897.30957031
28318,3927.90722656
28319,5509.27832031
28320,2766.95263672
28321,5564.75439453
28322,5260.32080078
28323,5152.18994141
28324,7504.15869141
28325,6940.60839844
28326,5035.25634766
28327,3136.40869141
28328,7279.62792969
28329,10458.3798828
28330,5258.11328125
28331,3057.59912109
28332,6326.79541016
28333,5575.17822266
28334,5316.62597656
28335,7929.67871094
28336,1957.46398926
28337,7768.78320312
28338,4593.88867188
28339,5703.98974609
28340,7767.84960938
28341,2298.06396484
28342,4262.83935547
28343,4310.29492188
28344,7396.90478516
28345,6162.37109375
28346,4056.17773438
28347,4389.88037109
28348,6177.97314453
28349,6261.42431641
28350,4226.43554688
28351,5026.64208984
28352,3777.86547852
28353,6169.35253906
28354,4307.27832031
28355,2903.21679688
28356,5219.93994141
28357,5380.11376953
28358,6249.75927734
28359,6915.45117188
28360,7844.12646484
28361,3522.80297852
28362,8027.05126953
28363,3080.85327148
28364,3386.875
28365,7731.30615234
28366,5752.70019531
28367,7170.57470703
28368,9239.13964844
28369,5868.01708984
28370,5156.36865234
28371,6473.30957031
28372,7088.10498047
28373,3342.07348633
28374,2369.39501953
28375,4862.32470703
28376,4568.65234375
28377,5207.60595703
28378,2985.23754883
28379,5506.03173828
28380,5254.40332031
28381,5167.37792969
28382,5875.11865234
28383,2665.50317383
28384,6013.53710938
28385,6735.82128906
28386,2611.87329102
28387,5406.81933594
28388,2851.96484375
28389,5270.77783203
28390,2843.65942383
28391,4236.29638672
28392,5059.41943359
28393,6956.47460938
28394,5406.58203125
28395,5639.32666016
28396,12844.4423828
28397,4070.85693359
28398,4791.98779297
28399,9882.99609375
28400,5364.24414062
28401,7763.73876953
28402,6092.87255859
28403,5309.08496094
28404,6219.28271484
28405,3909.28051758
28406,4543.33300781
28407,7858.16699219
28408,5353.77050781
28409,2633.24780273
28410,3372.61791992
28411,7444.99316406
28412,9490.36914062
28413,5424.56347656
28414,6106.68505859
28415,4343.88525391
28416,1917.93725586
28417,1653.51745605
28418,3364.22802734
28419,5386.41455078
28420,6788.1015625
28421,4683.75048828
28422,4118.51269531
28423,7683.47167969
28424,7770.42871094
28425,7030.50244141
28426,4161.46337891
28427,8138.08349609
28428,8778.24609375
28429,3650.34838867
28430,5135.23291016
28431,5091.24511719
28432,6471.92675781
28433,3137.52490234
28434,4911.51220703
28435,4571.96582031
28436,8494.37011719
28437,5824.23242188
28438,7104.89794922
28439,7105.33154297
28440,4613.29394531
28441,7998.35351562
28442,16448.3828125
28443,8566.95410156
28444,3703.44042969
28445,3109.47070312
28446,6212.77246094
28447,6806.27392578
28448,3710.63305664
28449,9064.97558594
28450,17801.3144531
28451,3971.90771484
28452,2639.68041992
28453,10594.5371094
28454,3086.00683594
28455,5508.23242188
28456,3381.95776367
28457,5853.29296875
28458,4322.98583984
28459,6109.79589844
28460,4285.14013672
28461,5099.41064453
28462,7716.25537109
28463,5666.23730469
28464,5877.64648438
28465,6278.55224609
28466,4824.94775391
28467,6360.16992188
28468,7157.37988281
28469,4394.29638672
28470,5651.60400391
28471,3925.11669922
28472,3405.17553711
28473,5638.44970703
28474,4355.22412109
28475,4873.4453125
28476,7006.97119141
28477,9071.81640625
28478,6961.04736328
28479,4226.18945312
28480,3895.95336914
28481,4325.60058594
28482,4664.42724609
28483,6030.55029297
28484,2328.96313477
28485,7014.15966797
28486,5283.40673828
28487,7957.89453125
28488,5241.57861328
28489,4192.46972656
28490,3000.08618164
28491,2580.43164062
28492,8350.37890625
28493,5082.01171875
28494,5583.85302734
28495,12090.3564453
28496,7465.828125
28497,4124.984375
28498,5889.61132812
28499,2341.50317383
28500,3743.85571289
28501,3898.35473633
28502,3693.82250977
28503,8624.33496094
28504,4531.65136719
28505,8390.6171875
28506,10251.3447266
28507,6224.27929688
28508,4806.93505859
28509,4657.625
28510,4953.85791016
28511,4653.74365234
28512,9206.10058594
28513,5661.6015625
28514,7400.91308594
28515,2594.21020508
28516,5342.59326172
28517,5254.33300781
28518,6737.6328125
28519,6767.76269531
28520,5335.26513672
28521,6339.05761719
28522,4972.36376953
28523,8262.32910156
28524,6810.75537109
28525,6479.33251953
28526,8547.63476562
28527,6849.09912109
28528,8378.59667969
28529,3491.45483398
28530,4869.77001953
28531,4906.76416016
28532,8608.2265625
28533,7444.68066406
28534,7023.56542969
28535,6053.16992188
28536,7899.29443359
28537,4846.42382812
28538,6553.68847656
28539,6227.62304688
28540,2865.46875
28541,12322.0537109
28542,15883.0712891
28543,6001.09716797
28544,6090.61816406
28545,6880.97460938
28546,7885.92480469
28547,7942.26611328
28548,2494.32104492
28549,4226.26220703
28550,5568.06738281
28551,8337.40722656
28552,2412.67041016
28553,4099.28369141
28554,5311.23291016
28555,4212.20849609
28556,4734.06591797
28557,2892.37182617
28558,2772.16943359
28559,7335.36572266
28560,3328.24633789
28561,4596.00146484
28562,5714.20605469
28563,4658.76269531
28564,9341.90917969
28565,8736.71679688
28566,4247.43994141
28567,7015.671875
28568,6444.078125
28569,10317.4267578
28570,4632.33447266
28571,2656.99658203
28572,4208.85839844
28573,11928.4804688
28574,3948.10595703
28575,6777.76953125
28576,1923.05810547
28577,3547.41723633
28578,5277.13134766
28579,5432.16992188
28580,4484.08935547
28581,7390.96630859
28582,8527.61132812
28583,8190.14599609
28584,3946.65991211
28585,7691.40478516
28586,1862.29980469
28587,3423.2355957
28588,6256.84521484
28589,4711.10986328
28590,10136.7539062
28591,2456.00146484
28592,4767.11816406
28593,5274.09179688
28594,7618.78564453
28595,9759.17382812
28596,5176.70703125
28597,2938.86206055
28598,9446.77734375
28599,8929.75878906
28600,4260.49804688
28601,4616.84179688
28602,8796.02246094
28603,5761.40917969
28604,4889.49121094
28605,3541.46972656
28606,7355.11523438
28607,4034.99536133
28608,11985.5791016
28609,7477.84423828
28610,11518.8984375
28611,5814.75195312
28612,4601.84912109
28613,1986.40600586
28614,6141.30566406
28615,4941.54980469
28616,5191.11132812
28617,9041.37597656
28618,4727.26123047
28619,2601.22119141
28620,6807.22851562
28621,3326.62109375
28622,7398.37939453
28623,6727.48046875
28624,6627.30419922
28625,7853.74609375
28626,4477.21289062
28627,7265.421875
28628,6175.12158203
28629,5141.82080078
28630,5832.19335938
28631,2733.4309082
28632,8709.44433594
28633,5997.09765625
28634,3286.69921875
28635,4640.08203125
28636,7793.32617188
28637,5665.27539062
28638,3919.99414062
28639,4990.13867188
28640,5315.84033203
28641,5538.30957031
28642,3817.47583008
28643,9376.28515625
28644,3977.65209961
28645,3639.35766602
28646,4631.59228516
28647,5477.80175781
28648,3303.28344727
28649,4851.42871094
28650,7152.62988281
28651,7053.35253906
28652,9686.11132812
28653,8247.22851562
28654,7165.16650391
28655,7201.94628906
28656,4308.81933594
28657,9872.54785156
28658,7524.75048828
28659,5730.26904297
28660,5008.13037109
28661,5188.82910156
28662,4541.85595703
28663,2173.69311523
28664,11096.3476562
28665,5430.07714844
28666,5597.54199219
28667,3698.29321289
28668,1541.41174316
28669,7767.8125
28670,4928.68896484
28671,3940.47558594
28672,3570.79956055
28673,5530.72900391
28674,5156.39794922
28675,4127.16503906
28676,9532.73535156
28677,4796.21337891
28678,3592.86914062
28679,3103.94042969
28680,2740.01025391
28681,4677.45068359
28682,12591.7490234
28683,3476.72802734
28684,5652.75244141
28685,4900.23876953
28686,3848.44482422
28687,3119.70385742
28688,6089.14257812
28689,2396.6652832
28690,8082.04150391
28691,5679.67285156
28692,2190.51708984
28693,8222.01660156
28694,2002.26745605
28695,3868.79956055
28696,10182.6455078
28697,7300.44580078
28698,8757.44824219
28699,2246.93969727
28700,4651.96777344
28701,4688.50634766
28702,3939.01733398
28703,15483.3955078
28704,8716.18359375
28705,4692.97216797
28706,3008.26269531
28707,5565.18408203
28708,4100.46484375
28709,2290.40161133
28710,7575.84423828
28711,4780.27783203
28712,4466.97900391
28713,6870.93359375
28714,4780.7109375
28715,4567.31445312
28716,5521.89941406
28717,5648.97412109
28718,6677.46289062
28719,2518.19213867
28720,4576.96630859
28721,5354.59277344
28722,7560.72851562
28723,5303.87207031
28724,7287.64453125
28725,1817.20166016
28726,8017.2265625
28727,4828.60351562
28728,2751.3984375
28729,4076.01708984
28730,4075.79541016
28731,4339.31298828
28732,6685.82421875
28733,3648.5065918
28734,5727.99560547
28735,4617.45849609
28736,7423.70654297
28737,6544.94287109
28738,4082.97119141
28739,5955.60986328
28740,5032.72070312
28741,2317.64404297
28742,10611.7089844
28743,3496.73461914
28744,2906.90136719
28745,5660.25732422
28746,7953.265625
28747,9415.95898438
28748,3834.21972656
28749,4414.65625
28750,5123.43212891
28751,6639.52197266
28752,4183.59277344
28753,7916.82421875
28754,2597.00219727
28755,4026.64770508
28756,3775.81933594
28757,3132.70678711
28758,2311.20166016
28759,6522.98046875
28760,6251.95947266
28761,5958.43408203
28762,4930.13232422
28763,7620.21728516
28764,7599.42285156
28765,3882.98242188
28766,4228.19384766
28767,3857.62963867
28768,6850.77197266
28769,4820.38916016
28770,1783.05615234
28771,6188.140625
28772,5729.94091797
28773,5658.79980469
28774,5409.07373047
28775,3100.8684082
28776,8407.12695312
28777,2793.10668945
28778,8496.30664062
28779,5121.24853516
28780,4260.65234375
28781,7487.89990234
28782,3594.79907227
28783,4232.58837891
28784,7323.56494141
28785,2530.10913086
28786,6766.59472656
28787,9254.15917969
28788,6761.57519531
28789,2545.71044922
28790,3774.22753906
28791,3241.52758789
28792,2031.69506836
28793,4527.23974609
28794,5101.04492188
28795,4833.60351562
28796,4065.93237305
28797,4090.76025391
28798,3726.53198242
28799,8973.6953125
28800,4953.3046875
28801,5024.70996094
28802,4009.88183594
28803,5405.81884766
28804,5256.93994141
28805,5864.45849609
28806,7343.9765625
28807,7095.61962891
28808,7785.68896484
28809,5079.08496094
28810,5085.51806641
28811,2864.35766602
28812,5322.66943359
28813,8460.5078125
28814,6362.78564453
28815,7337.47900391
28816,13523.8066406
28817,2860.68603516
28818,4005.16455078
28819,3765.06518555
28820,7993.04589844
28821,7182.29296875
28822,7498.16308594
28823,7134.17919922
28824,7250.68994141
28825,6201.46484375
28826,6242.70556641
28827,4891.03466797
28828,1981.81140137
28829,4083.76196289
28830,2894.203125
28831,2925.63330078
28832,6435.55859375
28833,16450.046875
28834,5136.33056641
28835,2987.1574707
28836,4360.98242188
28837,4069.94848633
28838,5569.25146484
28839,2047.64453125
28840,5973.51953125
28841,5299.98291016
28842,3551.55493164
28843,10701.5673828
28844,10749.2265625
28845,3095.11401367
28846,3917.2019043
28847,3719.00683594
28848,3762.31860352
28849,3997.80541992
28850,6416.27050781
28851,3545.58007812
28852,4338.44775391
28853,3826.49926758
28854,5094.50976562
28855,4596.26025391
28856,7006.76416016
28857,3166.28491211
28858,8040.41455078
28859,6422.58300781
28860,4447.79443359
28861,4029.76000977
28862,3474.66918945
28863,4503.06933594
28864,3582.56420898
28865,9128.68457031
28866,4110.18457031
28867,3721.41674805
28868,6611.93603516
28869,4646.73925781
28870,4676.31738281
28871,3237.63671875
28872,4912.43994141
28873,9832.65722656
28874,6814.01708984
28875,5557.30712891
28876,3511.13452148
28877,4581.25976562
28878,5013.49267578
28879,3414.95751953
28880,4261.99365234
28881,4772.14111328
28882,10312.3701172
28883,7538.37011719
28884,4095.21875
28885,5200.24462891
28886,3760.22680664
28887,6285.9765625
28888,5760.77197266
28889,8818.51855469
28890,6562.97753906
28891,4778.93310547
28892,3876.81616211
28893,1854.34716797
28894,3452.32763672
28895,19697.7871094
28896,1967.34570312
28897,4794.0546875
28898,6036.62207031
28899,6422.22802734
28900,5487.71191406
28901,7999.20800781
28902,5511.95898438
28903,4673.60205078
28904,2597.90917969
28905,7613.40332031
28906,3975.47460938
28907,6537.68652344
28908,9013.29003906
28909,3435.83447266
28910,7488.62841797
28911,6361.76611328
28912,3175.66552734
28913,6157.41845703
28914,6740.74414062
28915,2620.921875
28916,8246.48046875
28917,6148.49755859
28918,4598.44824219
28919,9229.08203125
28920,8031.75292969
28921,5850.96484375
28922,4410.76660156
28923,3565.88452148
28924,5241.29833984
28925,2886.34350586
28926,5795.99707031
28927,2282.91308594
28928,5323.66992188
28929,2603.83447266
28930,4798.06689453
28931,5336.27783203
28932,4318.62939453
28933,5079.15234375
28934,8322.04980469
28935,4790.04589844
28936,6740.45458984
28937,4339.95068359
28938,5825.98828125
28939,8971.86425781
28940,7101.89648438
28941,4045.81396484
28942,4315.66845703
28943,4788.10449219
28944,3353.41088867
28945,10102.1240234
28946,4368.05126953
28947,4658.65136719
28948,8495.34277344
28949,6382.23583984
28950,2184.9440918
28951,8626.00488281
28952,7948.67724609
28953,6592.45898438
28954,7326.89794922
28955,6487.47021484
28956,6660.25634766
28957,4879.0546875
28958,3829.52270508
28959,2837.31176758
28960,4477.57568359
28961,7585.82226562
28962,2470.16455078
28963,7603.98339844
28964,6184.65869141
28965,4750.87158203
28966,6844.99804688
28967,4463.00976562
28968,6910.26904297
28969,3748.40844727
28970,4346.83251953
28971,4604.33837891
28972,3727.11499023
28973,5822.02783203
28974,6153.51953125
28975,7840.52832031
28976,5845.97802734
28977,3439.97338867
28978,6019.14941406
28979,6386.60205078
28980,7396.97558594
28981,2881.08886719
28982,2610.62133789
28983,8635.66015625
28984,5901.45996094
28985,3888.75390625
28986,6887.29736328
28987,5277.79589844
28988,5656.625
28989,4730.34667969
28990,1333.15637207
28991,6176.859375
28992,5666.63134766
28993,4852.02050781
28994,8421.68554688
28995,6752.87451172
28996,3258.79443359
28997,5320.21240234
28998,2842.34545898
28999,908.52935791
29000,5346.74316406
29001,8949.83886719
29002,5213.3515625
29003,4180.58496094
29004,2386.25073242
29005,4715.27294922
29006,7288.29101562
29007,5633.05273438
29008,8334.00390625
29009,3651.59179688
29010,4404.36816406
29011,2904.26831055
29012,6074.56494141
29013,3006.98022461
29014,2427.47998047
29015,4267.94970703
29016,3584.49536133
29017,5639.71386719
29018,3917.59057617
29019,4374.79833984
29020,5314.88183594
29021,7616.03955078
29022,4773.02441406
29023,2820.68383789
29024,9813.62792969
29025,6381.59667969
29026,4946.92578125
29027,1786.93273926
29028,4352.57910156
29029,5370.22412109
29030,3805.45581055
29031,6580.38427734
29032,8741.91796875
29033,6048.89892578
29034,6325.47998047
29035,5755.44970703
29036,7152.54101562
29037,10276.3466797
29038,3036.66113281
29039,3496.10107422
29040,5001.96191406
29041,5222.85302734
29042,4428.48144531
29043,7954.35009766
29044,6642.50537109
29045,4948.10595703
29046,2497.40234375
29047,5954.97900391
29048,7854.47998047
29049,3168.50878906
29050,6209.84033203
29051,2768.51953125
29052,6391.94677734
29053,5287.515625
29054,4782.34863281
29055,5656.12304688
29056,3833.15576172
29057,4003.90380859
29058,6571.81640625
29059,4399.47167969
29060,8402.68554688
29061,4982.89941406
29062,8229.0703125
29063,5142.19824219
29064,3399.22338867
29065,8092.03759766
29066,2419.26171875
29067,8682.58789062
29068,4691.34277344
29069,4469.95410156
29070,7016.59521484
29071,4450.95263672
29072,4258.01123047
29073,5923.23291016
29074,2813.359375
29075,2618.38378906
29076,5632.31152344
29077,5991.06005859
29078,7144.15527344
29079,6138.34814453
29080,5248.34228516
29081,3482.86914062
29082,6045.88818359
29083,2965.09448242
29084,9950.35644531
29085,6828.90380859
29086,11783.7861328
29087,4767.25488281
29088,4911.36181641
29089,7341.02832031
29090,8255.35058594
29091,2868.74951172
29092,8292.8046875
29093,5855.45361328
29094,5632.67089844
29095,5095.46240234
29096,4543.5625
29097,2968.00366211
29098,4018.5168457
29099,2888.74145508
29100,2716.52783203
29101,6910.44677734
29102,5417.03027344
29103,22997.234375
29104,6879.78027344
29105,3870.67114258
29106,5743.13867188
29107,9914.98339844
29108,4931.90087891
29109,6231.10498047
29110,5367.14111328
29111,6785.43457031
29112,6131.03417969
29113,4679.61523438
29114,4797.42138672
29115,6149.37744141
29116,6813.58105469
29117,5998.45898438
29118,7406.42089844
29119,4794.52539062
29120,4288.49755859
29121,4798.71191406
29122,8536.92089844
29123,8810.40527344
29124,7259.81738281
29125,6487.00634766
29126,2971.38354492
29127,5543.27246094
29128,3642.70605469
29129,7240.97314453
29130,8997.51171875
29131,9007.64453125
29132,4804.61621094
29133,3687.58032227
29134,3780.64892578
29135,6901.71240234
29136,8570.95117188
29137,5229.52294922
29138,4735.65576172
29139,4440.29980469
29140,6133.90625
29141,3047.75024414
29142,7221.12353516
29143,3725.79272461
29144,7017.61914062
29145,6703.98486328
29146,5056.07128906
29147,7219.39501953
29148,5914.43164062
29149,4102.31933594
29150,5792.98974609
29151,6607.76269531
29152,10263.8183594
29153,5869.51757812
29154,6219.08691406
29155,7482.75927734
29156,8513.60058594
29157,5884.24267578
29158,7486.65039062
29159,3428.2355957
29160,3971.65014648
29161,4963.75341797
29162,6274.49902344
29163,8874.05273438
29164,6799.22070312
29165,4767.6640625
29166,7150.62451172
29167,6533.39160156
29168,7442.07519531
29169,3326.77026367
29170,11165.1074219
29171,3634.6081543
29172,5586.28759766
29173,7270.48925781
29174,4018.79638672
29175,4988.01611328
29176,5486.42480469
29177,6384.2265625
29178,5119.63134766
29179,4963.06689453
29180,7904.23144531
29181,6749.171875
29182,5123.97021484
29183,4181.35888672
29184,6730.14404297
29185,12300.1083984
29186,5967.62548828
29187,4546.55859375
29188,6120.49316406
29189,5747.68701172
29190,6230.06494141
29191,7568.52783203
29192,3264.76855469
29193,7080.97607422
29194,5005.7421875
29195,6023.01464844
29196,8513.04101562
29197,4327.04931641
29198,4386.68212891
29199,4114.02099609
29200,6936.28027344
29201,8248.76269531
29202,4185.11767578
29203,4021.66503906
29204,6365.45654297
29205,5305.61767578
29206,4984.38720703
29207,7470.82861328
29208,6132.41992188
29209,6445.54150391
29210,4601.86230469
29211,4079.47509766
29212,5307.31787109
29213,7956.64208984
29214,6521.55566406
29215,7366.31347656
29216,7433.30712891
29217,5334.94433594
29218,8348.18945312
29219,4486.75927734
29220,5117.98095703
29221,8161.97851562
29222,5682.28466797
29223,8769.953125
29224,8386.43261719
29225,6709.87011719
29226,5310.31103516
29227,6736.90039062
29228,6876.48681641
29229,5330.52929688
29230,3495.66088867
29231,4655.11962891
29232,6659.03662109
29233,4955.77685547
29234,3619.21875
29235,7045.00878906
29236,5773.25878906
29237,5860.96875
29238,5071.10253906
29239,4240.17724609
29240,5892.60644531
29241,6077.02783203
29242,5327.23535156
29243,5173.98730469
29244,4663.54638672
29245,5824.89355469
29246,3303.50390625
29247,6114.97363281
29248,4552.30908203
29249,7521.77929688
29250,6639.96533203
29251,5439.72949219
29252,12372.0195312
29253,3822.64282227
29254,4832.04980469
29255,8733.45898438
29256,6015.54492188
29257,7596.71191406
29258,6902.33740234
29259,5139.48193359
29260,5809.26367188
29261,5370.53125
29262,6448.89257812
29263,8920.55664062
29264,6511.04589844
29265,2605.6237793
29266,4171.76513672
29267,7357.70410156
29268,8727.1640625
29269,6000.9140625
29270,5772.23486328
29271,4377.53613281
29272,4244.46679688
29273,2856.81738281
29274,4018.38647461
29275,5957.34277344
29276,6426.71337891
29277,5391.08154297
29278,5403.33935547
29279,7520.6171875
29280,8210.68457031
29281,6932.390625
29282,4711.90087891
29283,8245.45019531
29284,8795.27539062
29285,4765.11816406
29286,6060.4609375
29287,4558.99658203
29288,6354.69482422
29289,3656.16479492
29290,5573.70507812
29291,4333.53027344
29292,8067.85400391
29293,6470.63623047
29294,7308.79931641
29295,7373.59619141
29296,5044.5390625
29297,7205.43017578
29298,16205.6572266
29299,8791.61132812
29300,4340.83251953
29301,2812.05273438
29302,5660.48974609
29303,6596.77392578
29304,6167.28710938
29305,11638.5166016
29306,19368.7089844
29307,3907.1184082
29308,4482.43017578
29309,8601.61132812
29310,4028.47631836
29311,6394.28222656
29312,5354.03076172
29313,6383.94677734
29314,4946.50585938
29315,5807.72314453
29316,6360.74658203
29317,6514.64257812
29318,8157.32470703
29319,5782.94775391
29320,5854.07421875
29321,6540.64941406
29322,4737.24609375
29323,4561.11914062
29324,7456.27099609
29325,5495.88427734
29326,5382.80859375
29327,5989.11767578
29328,5032.83105469
29329,4868.95703125
29330,5971.04150391
29331,5911.96142578
29332,9029.31152344
29333,8839.52832031
29334,6551.66308594
29335,5038.62353516
29336,3485.44506836
29337,5479.84521484
29338,5668.58837891
29339,5155.13427734
29340,4083.04150391
29341,7546.5859375
29342,5684.37744141
29343,8715.078125
29344,5647.07763672
29345,5034.13671875
29346,4280.42578125
29347,4349.05908203
29348,8529.70214844
29349,5189.00683594
29350,7569.83496094
29351,13018.6240234
29352,7088.6796875
29353,5268.08886719
29354,5138.01660156
29355,3976.2331543
29356,6170.88818359
29357,3513.41943359
29358,4796.97753906
29359,8791.3671875
29360,4970.04492188
29361,11631.7363281
29362,10973.4941406
29363,5657.19726562
29364,5625.3046875
29365,5267.375
29366,5766.18701172
29367,4775.26464844
29368,10877.6269531
29369,6594.40820312
29370,7628.58740234
29371,3944.36401367
29372,6981.94042969
29373,4988.28271484
29374,8482.94628906
29375,6247.453125
29376,5506.26269531
29377,6280.91210938
29378,5905.48583984
29379,7697.10693359
29380,8576.51171875
29381,5974.25439453
29382,8619.203125
29383,6341.2890625
29384,8034.65722656
29385,5113.81347656
29386,4729.67871094
29387,4693.16015625
29388,7904.33691406
29389,6246.60058594
29390,7055.296875
29391,5723.86083984
29392,8218.72363281
29393,4506.19335938
29394,7605.11474609
29395,6131.06933594
29396,3502.41333008
29397,11762.7324219
29398,14657.1357422
29399,6264.87158203
29400,5988.12353516
29401,7413.82080078
29402,8719.93359375
29403,9516.40136719
29404,4577.83056641
29405,6180.48339844
29406,5491.29394531
29407,7934.24804688
29408,3761.40698242
29409,4760.78857422
29410,5106.35107422
29411,5260.8828125
29412,6930.67822266
29413,4056.00732422
29414,3485.04272461
29415,6775.55859375
29416,4030.75561523
29417,4039.59765625
29418,5199.63476562
29419,4980.89404297
29420,8665.35449219
29421,8861.07910156
29422,6091.54785156
29423,6176.02294922
29424,6307.83886719
29425,9544.79003906
29426,5701.1015625
29427,4928.93798828
29428,4741.05224609
29429,9559.00097656
29430,3955.28320312
29431,6567.33007812
29432,2959.9309082
29433,3979.99389648
29434,5787.66601562
29435,6419.02490234
29436,5689.79638672
29437,9475.90722656
29438,8911.00683594
29439,10886.8955078
29440,5721.42626953
29441,10016.7060547
29442,2690.35375977
29443,4764.88183594
29444,5927.38720703
29445,3721.63671875
29446,7929.62597656
29447,4202.62353516
29448,4587.18457031
29449,7994.73095703
29450,8544.953125
29451,7498.62109375
29452,5075.66552734
29453,4577.15820312
29454,10658.4902344
29455,7858.00976562
29456,4593.96728516
29457,5655.15771484
29458,6350.61083984
29459,7234.64941406
29460,4387.64501953
29461,4794.81347656
29462,7172.31835938
29463,6961.60546875
29464,11736.4873047
29465,6050.08203125
29466,10287.1826172
29467,6516.31445312
29468,4977.375
29469,2863.98071289
29470,5309.27783203
29471,6006.90429688
29472,5170.34130859
29473,7777.85058594
29474,5229.31347656
29475,3835.88452148
29476,6901.42919922
29477,3123.52734375
29478,7263.82763672
29479,6038.01025391
29480,6759.93115234
29481,7938.87304688
29482,4593.73535156
29483,8697.50683594
29484,6012.77441406
29485,4962.37109375
29486,6027.81933594
29487,4511.37597656
29488,8661.50390625
29489,5914.45410156
29490,3799.11181641
29491,5853.07519531
29492,7859.83837891
29493,6518.96875
29494,5200.11572266
29495,7695.47021484
29496,5229.23388672
29497,6095.18017578
29498,5318.52832031
29499,8837.79980469
29500,4578.13623047
29501,5446.19873047
29502,5148.38720703
29503,5150.70068359
29504,4095.35205078
29505,4919.48291016
29506,8448.34667969
29507,7946.19140625
29508,9904.87890625
29509,9620.15332031
29510,7807.95361328
29511,7838.95068359
29512,4670.60253906
29513,9803.12304688
29514,9222.44726562
29515,6632.62890625
29516,7108.30761719
29517,7697.4453125
29518,4739.45166016
29519,3062.20556641
29520,10393.3876953
29521,5882.50927734
29522,5526.88427734
29523,5616.14208984
29524,1936.97375488
29525,9200.10644531
29526,6504.26708984
29527,4324.74267578
29528,4556.88330078
29529,4912.96923828
29530,5762.04736328
29531,5770.03271484
29532,6587.02832031
29533,5008.99023438
29534,4355.27832031
29535,2989.42700195
29536,2903.26098633
29537,6317.89453125
29538,15776.0166016
29539,3583.20996094
29540,5659.35546875
29541,5740.06640625
29542,4866.56103516
29543,4250.64990234
29544,5152.75
29545,3190.70922852
29546,7593.95947266
29547,6350.17431641
29548,3517.00415039
29549,8119.66943359
29550,4073.31567383
29551,4310.60791016
29552,10306.0771484
29553,6671.61816406
29554,8699.90527344
29555,4069.23803711
29556,5331.52587891
29557,4439.14794922
29558,4456.93408203
29559,13127.8984375
29560,10090.3662109
29561,6168.74560547
29562,4173.79150391
29563,4903.11962891
29564,5254.81445312
29565,3760.24829102
29566,8590.24121094
29567,4807.82958984
29568,4855.63232422
29569,6960.18457031
29570,4391.3671875
29571,5166.60449219
29572,5230.62548828
29573,6789.66845703
29574,6737.71679688
29575,3368.51196289
29576,5200.56201172
29577,6262.87597656
29578,7640.31152344
29579,7517.48291016
29580,6844.07714844
29581,3707.60083008
29582,7730.22216797
29583,5030.79101562
29584,4323.23291016
29585,6488.94970703
29586,6508.953125
29587,5447.92871094
29588,5791.04541016
29589,5348.91064453
29590,6069.16113281
29591,4864.57470703
29592,6204.47607422
29593,7007.62646484
29594,4638.92724609
29595,9179.96386719
29596,6299.32519531
29597,3939.2578125
29598,10718.9638672
29599,4427.42529297
29600,2848.15820312
29601,6662.42333984
29602,8683.82128906
29603,8040.21484375
29604,4531.59521484
29605,5321.68408203
29606,5618.01708984
29607,6353.78515625
29608,5304.37255859
29609,7418.17822266
29610,2620.08300781
29611,4550.35107422
29612,5078.47900391
29613,4326.31884766
29614,4217.93359375
29615,5980.68017578
29616,6186.5
29617,5437.24462891
29618,6549.2265625
29619,5935.61328125
29620,7501.61083984
29621,5217.93847656
29622,5861.76318359
29623,5782.20898438
29624,7224.0859375
29625,7426.09326172
29626,2876.27612305
29627,8028.50585938
29628,6255.92626953
29629,6357.47705078
29630,4638.8515625
29631,3717.29711914
29632,7330.16210938
29633,4885.08544922
29634,8043.06103516
29635,5990.97998047
29636,4464.61865234
29637,7406.53417969
29638,5056.91552734
29639,4526.85986328
29640,6917.17333984
29641,4486.67431641
29642,7756.45556641
29643,9434.66699219
29644,6467.99560547
29645,4012.5222168
29646,4709.98632812
29647,4342.67578125
29648,2676.94433594
29649,6698.48779297
29650,5551.55322266
29651,8125.11523438
29652,4393.57519531
29653,5358.05126953
29654,5747.07861328
29655,7561.11083984
29656,5192.48779297
29657,5450.89160156
29658,4315.07519531
29659,6530.88037109
29660,5655.96142578
29661,6331.80029297
29662,6924.46728516
29663,7260.85644531
29664,6983.97802734
29665,6294.27441406
29666,5755.75732422
29667,4004.87036133
29668,4923.67089844
29669,9822.89941406
29670,7540.59912109
29671,8647.66992188
29672,14917.2890625
29673,4349.49951172
29674,4526.89453125
29675,4859.98779297
29676,8207.95996094
29677,9270.33398438
29678,6729.75244141
29679,6865.40429688
29680,7352.60449219
29681,6343.29150391
29682,5909.25
29683,4994.12890625
29684,4229.04492188
29685,4807.98095703
29686,3220.65087891
29687,4166.84130859
29688,6908.28515625
29689,14462.6748047
29690,5599.0
29691,4172.01611328
29692,6042.60742188
29693,3605.92700195
29694,5824.76074219
29695,3948.21142578
29696,7896.23632812
29697,6645.15429688
29698,5977.08740234
29699,11135.5429688
29700,12138.7226562
29701,4279.08691406
29702,6530.56933594
29703,3547.34619141
29704,4709.43847656
29705,4634.28808594
29706,8232.28125
29707,4122.50634766
29708,4442.52832031
29709,4789.36035156
29710,5220.69628906
29711,5966.80566406
29712,6151.72949219
29713,3759.64941406
29714,7019.02490234
29715,7464.18359375
29716,5843.34667969
29717,4024.59692383
29718,3331.26074219
29719,6720.55419922
29720,4271.42822266
29721,9024.47265625
29722,3944.54467773
29723,5200.79541016
29724,6176.52978516
29725,4794.33349609
29726,4606.44726562
29727,5149.74316406
29728,5862.85351562
29729,8462.57324219
29730,8053.60058594
29731,5497.07910156
29732,3609.24438477
29733,5076.94873047
29734,5287.29882812
29735,4222.10791016
29736,4649.51074219
29737,5226.63574219
29738,10901.7236328
29739,6453.29833984
29740,5589.93310547
29741,6297.07226562
29742,3967.85205078
29743,8135.92578125
29744,4796.09912109
29745,10143.8525391
29746,5705.19775391
29747,4710.10302734
29748,4651.14306641
29749,3797.35473633
29750,5798.76123047
29751,21534.3769531
29752,3364.26000977
29753,4961.93994141
29754,8589.75683594
29755,5717.04589844
29756,5806.29443359
29757,7368.765625
29758,5287.12207031
29759,4967.24902344
29760,3823.89746094
29761,8233.52050781
29762,5062.40771484
29763,6138.83398438
29764,7192.74023438
29765,4345.79541016
29766,7947.44189453
29767,5993.98681641
29768,3559.82104492
29769,7778.89648438
29770,9478.60058594
29771,3550.84008789
29772,7172.17529297
29773,6323.86962891
29774,5071.39208984
29775,8961.34472656
29776,6459.89404297
29777,6786.45703125
29778,4305.26513672
29779,4253.70800781
29780,6022.69824219
29781,3984.89819336
29782,6832.90380859
29783,3327.09716797
29784,5428.27490234
29785,4233.3515625
29786,5729.70556641
29787,5270.71240234
29788,5992.20849609
29789,6014.09960938
29790,8081.90185547
29791,5526.98974609
29792,6607.66210938
29793,5334.19628906
29794,7414.47900391
29795,8573.4609375
29796,6613.34912109
29797,3546.16552734
29798,5558.45214844
29799,5770.47314453
29800,3542.90917969
29801,11871.6972656
29802,5238.95898438
29803,4988.94433594
29804,8747.91503906
29805,6106.39941406
29806,3526.56884766
29807,11705.1308594
29808,8856.73632812
29809,5401.54589844
29810,6808.50146484
29811,8386.78417969
29812,6743.67675781
29813,4770.49365234
29814,6215.70703125
29815,4727.69433594
29816,5380.48828125
29817,7002.24755859
29818,3859.03930664
29819,6702.99365234
29820,6398.14404297
29821,5277.56933594
29822,6700.14257812
29823,5255.16015625
29824,5809.69042969
29825,4582.64111328
29826,6664.45068359
29827,6385.95654297
29828,5813.31591797
29829,5696.6875
29830,5804.30126953
29831,8297.65429688
29832,5335.78955078
29833,4439.42333984
29834,5808.19433594
29835,6738.82861328
29836,6559.7109375
29837,4030.90576172
29838,3530.12329102
29839,6463.25927734
29840,7164.46240234
29841,5037.65820312
29842,6878.9140625
29843,6408.96728516
29844,5123.18798828
29845,4697.31591797
29846,2298.98828125
29847,6082.46142578
29848,6258.56396484
29849,5499.74365234
29850,7402.27539062
29851,6963.91650391
29852,4291.42773438
29853,7180.95703125
29854,3109.96313477
29855,2018.69458008
29856,5952.56005859
29857,10167.7773438
29858,6862.83154297
29859,5982.02099609
29860,3266.75952148
29861,5727.89160156
29862,6615.61425781
29863,4703.51269531
29864,7988.6328125
29865,3888.52758789
29866,4589.35546875
29867,4670.75439453
29868,5263.47802734
29869,4645.04199219
29870,4104.58154297
29871,4525.25390625
29872,3572.61914062
29873,6356.37988281
29874,5568.88525391
29875,4712.33251953
29876,5712.48876953
29877,6928.94677734
29878,4724.64208984
29879,4289.25439453
29880,8521.13964844
29881,6165.01074219
29882,5806.22802734
29883,3011.76879883
29884,9572.51269531
29885,6326.26464844
29886,4406.97314453
29887,6976.08886719
29888,6763.69091797
29889,6240.38964844
29890,5590.38623047
29891,6203.84912109
29892,8297.88378906
29893,10627.6416016
29894,4216.50146484
29895,3730.2878418
29896,4926.5078125
29897,5408.3046875
29898,6075.01074219
29899,6648.24804688
29900,7772.55566406
29901,5295.91992188
29902,3584.49194336
29903,4999.54345703
29904,9625.53125
29905,4369.99365234
29906,6705.85205078
29907,3454.7722168
29908,6455.46533203
29909,6065.73486328
29910,6359.21191406
29911,6672.26757812
29912,5574.75830078
29913,3987.79589844
29914,5658.40039062
29915,6394.89794922
29916,7555.12695312
29917,6430.73583984
29918,7326.17138672
29919,5160.91064453
29920,3747.35717773
29921,8726.40625
29922,4043.77661133
29923,9158.04785156
29924,6457.61474609
29925,3744.3059082
29926,6125.97753906
29927,5125.70996094
29928,6535.04931641
29929,7263.48828125
29930,3441.34204102
29931,3862.8918457
29932,5822.66650391
29933,7480.27636719
29934,9361.16601562
29935,5536.57714844
29936,5167.38818359
29937,4222.07177734
29938,5888.01025391
29939,4336.49072266
29940,9596.00683594
29941,7541.16064453
29942,10764.2460938
29943,4551.75732422
29944,5263.84423828
29945,9051.1953125
29946,9153.12207031
29947,4064.45117188
29948,8984.18652344
29949,5872.25537109
29950,5117.43945312
29951,5167.39257812
29952,4412.24804688
29953,4556.04003906
29954,4925.62011719
29955,4165.97119141
29956,4030.09472656
29957,7136.32324219
29958,5896.90771484
29959,21969.4296875
29960,6069.23632812
29961,3709.4440918
29962,5682.55029297
29963,9120.078125
29964,5570.71289062
29965,5963.43164062
29966,5078.44091797
29967,6555.93261719
29968,5903.86376953
29969,4092.63378906
29970,4557.23095703
29971,5749.8203125
29972,6728.63574219
29973,5727.05029297
29974,8670.8359375
29975,4098.01318359
29976,3854.62451172
29977,4353.49658203
29978,8087.62451172
29979,8937.89550781
29980,7155.78955078
29981,6142.64697266
29982,3395.36669922
29983,5078.14990234
29984,3399.10668945
29985,6806.0859375
29986,8609.85351562
29987,8434.05566406
29988,4278.79296875
29989,3744.734375
29990,3905.43408203
29991,6032.57568359
29992,8390.9296875
29993,4854.35351562
29994,4233.70263672
29995,3994.34399414
29996,6239.8359375
29997,2818.61132812
29998,6323.32617188
29999,3506.28125
30000,6141.42871094
30001,5782.90380859
30002,4732.11572266
30003,6567.31738281
30004,5429.12402344
30005,4049.72900391
30006,5577.60351562
30007,5882.53173828
30008,9731.59667969
30009,5456.44238281
30010,6483.03515625
30011,7265.06835938
30012,8088.12548828
30013,5447.81445312
30014,7219.87695312
30015,3436.11962891
30016,4036.30004883
30017,5035.52001953
30018,5647.61621094
30019,7975.84228516
30020,6223.62060547
30021,4344.19189453
30022,6576.61328125
30023,5775.91943359
30024,7544.44824219
30025,3026.14892578
30026,10832.9736328
30027,3561.47875977
30028,5272.79931641
30029,7059.67919922
30030,3906.99536133
30031,4558.02246094
30032,4852.21972656
30033,6200.27001953
30034,4667.06689453
30035,4546.03369141
30036,7203.12792969
30037,6308.60351562
30038,5086.81347656
30039,3976.96166992
30040,6420.93505859
30041,10745.9150391
30042,5424.99267578
30043,4804.28613281
30044,5577.64648438
30045,5467.94091797
30046,5402.06640625
30047,6687.50732422
30048,3082.52319336
30049,6351.14990234
30050,4724.79052734
30051,5540.91992188
30052,8503.44824219
30053,3404.12988281
30054,3930.51977539
30055,3742.24536133
30056,6610.25927734
30057,7723.97949219
30058,4141.57910156
30059,3921.2956543
30060,5816.01074219
30061,4818.09472656
30062,4332.03027344
30063,6872.49316406
30064,5486.06347656
30065,6541.52246094
30066,4383.49462891
30067,3737.04052734
30068,4846.07275391
30069,7452.43164062
30070,6566.20849609
30071,6938.97314453
30072,6831.46386719
30073,4953.65039062
30074,8168.66845703
30075,4268.21875
30076,4896.87451172
30077,7954.08496094
30078,5058.51708984
30079,8511.03515625
30080,7423.81933594
30081,6112.31982422
30082,4918.01904297
30083,6208.90429688
30084,6300.25048828
30085,4977.53125
30086,3203.26831055
30087,4636.19775391
30088,6509.87207031
30089,4463.74609375
30090,3401.30908203
30091,6822.12646484
30092,5644.71875
30093,5244.93945312
30094,4733.65966797
30095,4263.90917969
30096,5875.64550781
30097,5926.5390625
30098,5110.44921875
30099,4429.63916016
30100,4497.84960938
30101,5428.98925781
30102,3048.30004883
30103,5265.83300781
30104,4172.13916016
30105,6961.25341797
30106,6103.42382812
30107,5168.45263672
30108,10369.7324219
30109,4132.92041016
30110,4281.03027344
30111,8200.50292969
30112,5169.53271484
30113,7096.07324219
30114,6423.06689453
30115,4918.10351562
30116,5413.57910156
30117,4934.93115234
30118,6827.99169922
30119,8995.546875
30120,6560.94970703
30121,2388.01464844
30122,3749.83911133
30123,6952.95898438
30124,7388.05566406
30125,5353.98486328
30126,5464.86962891
30127,4115.30029297
30128,4476.22607422
30129,2644.65014648
30130,4041.25439453
30131,5429.75048828
30132,6093.20361328
30133,5268.49560547
30134,4988.54882812
30135,7149.56054688
30136,7747.98242188
30137,6511.375
30138,4181.61425781
30139,8058.171875
30140,8010.40869141
30141,4469.75341797
30142,6076.11767578
30143,4339.20996094
30144,5686.60595703
30145,3334.77441406
30146,5773.78710938
30147,3820.1496582
30148,7851.05761719
30149,6127.95898438
30150,6808.70898438
30151,7337.30419922
30152,4690.78808594
30153,6576.14892578
30154,16221.1513672
30155,8605.953125
30156,4230.92919922
30157,2309.86035156
30158,5033.11914062
30159,6662.65185547
30160,5681.15722656
30161,11384.5126953
30162,17912.3515625
30163,3476.28710938
30164,4364.34472656
30165,10041.4228516
30166,3679.60717773
30167,6135.45703125
30168,5099.88232422
30169,6240.47851562
30170,4348.91845703
30171,5019.71826172
30172,5374.69238281
30173,6141.58154297
30174,7343.17822266
30175,5310.01708984
30176,5174.32226562
30177,6215.38671875
30178,4145.73388672
30179,4193.03759766
30180,6812.39257812
30181,4975.23828125
30182,4984.04492188
30183,5548.96435547
30184,5044.57763672
30185,4797.61816406
30186,5687.21875
30187,5622.91748047
30188,7940.74414062
30189,8751.86230469
30190,6042.06054688
30191,4509.12988281
30192,3061.9309082
30193,5211.47705078
30194,5632.12353516
30195,4780.00439453
30196,3971.4909668
30197,7313.10205078
30198,5710.76757812
30199,8295.24121094
30200,5370.23925781
30201,4659.14453125
30202,4283.44042969
30203,4242.66162109
30204,8076.77783203
30205,4247.42773438
30206,6571.33984375
30207,13226.4277344
30208,6657.88720703
30209,6539.90039062
30210,4531.69042969
30211,3818.82348633
30212,5498.79931641
30213,3267.45458984
30214,4873.92919922
30215,8797.72558594
30216,4553.80712891
30217,11773.0244141
30218,10833.2626953
30219,4735.05957031
30220,5220.06396484
30221,5022.15136719
30222,5321.86230469
30223,4515.49169922
30224,9920.09082031
30225,6232.70410156
30226,7501.74658203
30227,3703.16845703
30228,6610.71289062
30229,4546.28125
30230,8121.97753906
30231,5674.734375
30232,4925.50244141
30233,5920.0703125
30234,5524.62841797
30235,6935.49267578
30236,8681.44433594
30237,5349.87011719
30238,8231.62890625
30239,5772.49902344
30240,8209.57324219
30241,4749.68457031
30242,4396.67773438
30243,4299.77783203
30244,7359.97167969
30245,5474.65234375
30246,6772.65136719
30247,5241.05322266
30248,7635.48095703
30249,4064.35009766
30250,7192.60351562
30251,6278.18066406
30252,3424.20214844
30253,11107.9736328
30254,14651.1679688
30255,5662.109375
30256,5451.40625
30257,7450.66162109
30258,8676.296875
30259,9687.02636719
30260,4266.94042969
30261,6104.94921875
30262,4963.29394531
30263,7136.20703125
30264,3417.21582031
30265,4651.70654297
30266,4439.06298828
30267,4783.95458984
30268,6524.71679688
30269,4086.09228516
30270,3340.70288086
30271,5985.75927734
30272,3533.03393555
30273,3792.38061523
30274,5271.31542969
30275,4679.32470703
30276,7994.00683594
30277,7851.99365234
30278,5938.29199219
30279,5744.90283203
30280,5899.55175781
30281,9607.49023438
30282,5808.22753906
30283,4068.18237305
30284,4403.89697266
30285,9071.14941406
30286,3691.44116211
30287,6072.31103516
30288,2916.14257812
30289,3923.72387695
30290,5709.39990234
30291,5629.56640625
30292,4916.58398438
30293,8636.26171875
30294,8941.38378906
30295,10967.6865234
30296,5481.42431641
30297,8730.78515625
30298,2606.5637207
30299,4296.78125
30300,5335.56054688
30301,3439.33032227
30302,6969.21240234
30303,3941.7199707
30304,4221.23388672
30305,7456.04345703
30306,8888.71582031
30307,8878.10839844
30308,4731.75
30309,4271.76220703
30310,11143.6699219
30311,7081.13134766
30312,4791.32519531
30313,4840.43212891
30314,5887.98242188
30315,7687.078125
30316,3777.2890625
30317,5049.83935547
30318,6616.94580078
30319,6446.11328125
30320,11704.6289062
30321,5355.22119141
30322,9705.43847656
30323,6042.55566406
30324,4629.14941406
30325,2910.92260742
30326,5088.10400391
30327,5363.94238281
30328,4807.27490234
30329,6389.01513672
30330,4383.46972656
30331,3807.75048828
30332,6192.36816406
30333,2782.8215332
30334,6904.99169922
30335,5407.39160156
30336,6752.48144531
30337,7447.09570312
30338,4364.15332031
30339,7851.28955078
30340,5773.9140625
30341,4758.12353516
30342,5328.07910156
30343,4223.51367188
30344,8577.08398438
30345,5786.70507812
30346,3829.13208008
30347,5600.98144531
30348,7055.23632812
30349,5942.9609375
30350,4886.35791016
30351,7187.11035156
30352,4944.73730469
30353,5467.3046875
30354,4854.7890625
30355,7837.64990234
30356,4953.04492188
30357,5246.30517578
30358,4295.43701172
30359,4621.04052734
30360,3830.29370117
30361,4522.60449219
30362,7688.50048828
30363,7870.97167969
30364,9024.54101562
30365,8849.41503906
30366,7154.09033203
30367,7738.66162109
30368,4657.07861328
30369,9605.95117188
30370,8866.26074219
30371,5833.75097656
30372,7213.79882812
30373,6827.85449219
30374,4560.27929688
30375,3195.9609375
30376,9546.328125
30377,5602.97460938
30378,5453.31494141
30379,5194.51855469
30380,1976.25512695
30381,9296.62207031
30382,5995.92480469
30383,3769.65087891
30384,3947.50317383
30385,4361.75976562
30386,5574.63037109
30387,5804.18457031
30388,5809.11914062
30389,4850.41015625
30390,3822.24169922
30391,3042.71582031
30392,2754.59204102
30393,5860.28125
30394,15267.6591797
30395,3721.98461914
30396,5236.50634766
30397,5381.54589844
30398,4389.87207031
30399,4160.29638672
30400,4441.39306641
30401,3311.04443359
30402,6712.24511719
30403,6007.70068359
30404,3120.6652832
30405,7340.83886719
30406,3947.75927734
30407,3997.74414062
30408,10018.4160156
30409,6296.94042969
30410,8735.16699219
30411,3888.88378906
30412,5234.77832031
30413,4078.57250977
30414,4228.91552734
30415,12740.3222656
30416,9274.44628906
30417,5654.96875
30418,4183.46923828
30419,4215.59667969
30420,4550.41162109
30421,4422.84570312
30422,10454.390625
30423,4582.68896484
30424,4655.50146484
30425,6210.64013672
30426,3826.63427734
30427,5179.09716797
30428,5447.51318359
30429,6126.85400391
30430,6128.11669922
30431,3206.52124023
30432,4859.38525391
30433,5413.73925781
30434,7470.10205078
30435,7077.76171875
30436,6250.30810547
30437,3566.88793945
30438,7325.63330078
30439,4752.90234375
30440,4091.33789062
30441,5928.12792969
30442,6234.10107422
30443,5308.45751953
30444,5291.67822266
30445,5169.92675781
30446,5482.83056641
30447,4670.91894531
30448,5950.43115234
30449,6185.98632812
30450,4378.72216797
30451,8686.82910156
30452,5536.80419922
30453,3725.95605469
30454,9979.04980469
30455,4628.44775391
30456,2947.85595703
30457,6181.26806641
30458,7556.64794922
30459,8148.3046875
30460,4444.24072266
30461,4693.7734375
30462,5082.36572266
30463,6048.66796875
30464,4833.49707031
30465,6917.54248047
30466,2768.36767578
30467,4430.07861328
30468,5041.47509766
30469,4303.56542969
30470,3975.2434082
30471,5620.515625
30472,5830.51367188
30473,4861.17480469
30474,6566.62207031
30475,5403.39599609
30476,6979.26367188
30477,4668.34472656
30478,5520.8515625
30479,5323.83691406
30480,6955.02832031
30481,6489.890625
30482,3930.88330078
30483,7688.28076172
30484,5562.96533203
30485,6151.61230469
30486,4520.64160156
30487,3524.01635742
30488,6787.33105469
30489,4656.26123047
30490,7787.8125
30491,5600.47900391
30492,4528.82958984
30493,6948.05957031
30494,5197.29931641
30495,4376.52197266
30496,6456.74609375
30497,4596.33886719
30498,7569.97900391
30499,8893.88085938
30500,6207.83837891
30501,3847.38769531
30502,4310.83398438
30503,3861.67602539
30504,2679.37524414
30505,6477.1328125
30506,4775.34667969
30507,7312.81542969
30508,3762.02783203
30509,4970.98828125
30510,5200.40332031
30511,7266.21142578
30512,4524.74462891
30513,4612.26416016
30514,3985.08837891
30515,6214.49755859
30516,5140.51660156
30517,5876.390625
30518,6350.39257812
30519,7217.77001953
30520,6483.60449219
30521,6181.42724609
30522,5290.43164062
30523,3828.23730469
30524,4700.43603516
30525,8984.39160156
30526,7466.12011719
30527,8731.65234375
30528,13760.8925781
30529,4086.66503906
30530,4332.71191406
30531,4921.76904297
30532,7760.140625
30533,8333.2734375
30534,5944.50878906
30535,6974.58544922
30536,6800.86865234
30537,6025.27246094
30538,5395.90234375
30539,4565.81152344
30540,3811.92260742
30541,4350.4453125
30542,3212.63574219
30543,4017.62353516
30544,6654.85888672
30545,13501.8720703
30546,5343.46972656
30547,4145.68603516
30548,5605.89355469
30549,3341.70068359
30550,5374.94335938
30551,3761.00512695
30552,8226.78613281
30553,5979.38525391
30554,5187.49267578
30555,10620.8525391
30556,10831.4853516
30557,4171.34765625
30558,6123.53027344
30559,3516.578125
30560,4556.48779297
30561,4570.70068359
30562,7758.99365234
30563,3831.03173828
30564,3967.14428711
30565,4661.87402344
30566,4931.31738281
30567,5316.66162109
30568,5745.078125
30569,3563.04174805
30570,6235.88525391
30571,7118.19238281
30572,5751.77294922
30573,3673.23144531
30574,3101.80932617
30575,6780.28466797
30576,3993.55908203
30577,8510.14257812
30578,3767.66992188
30579,5152.07666016
30580,5413.40380859
30581,4556.78369141
30582,4143.79638672
30583,4872.68798828
30584,5502.44580078
30585,7830.22265625
30586,7808.02832031
30587,5082.54541016
30588,3543.74072266
30589,4884.93212891
30590,5058.99462891
30591,4136.80175781
30592,4502.03857422
30593,4790.50292969
30594,10098.5302734
30595,6036.28857422
30596,5141.92871094
30597,6359.1875
30598,3924.07617188
30599,7803.91064453
30600,4798.57910156
30601,10554.8505859
30602,5138.17822266
30603,4311.79199219
30604,4206.5703125
30605,3431.0
30606,6002.51708984
30607,18572.4921875
30608,3182.22827148
30609,4346.06103516
30610,7892.60693359
30611,5438.20410156
30612,5552.99902344
30613,7000.07763672
30614,4879.42724609
30615,4422.84130859
30616,3877.47460938
30617,8236.63964844
30618,4789.74414062
30619,5978.18212891
30620,6684.37011719
30621,4156.40917969
30622,7365.54785156
30623,5128.00878906
30624,3592.10473633
30625,7487.70019531
30626,8201.02734375
30627,3443.67041016
30628,6701.40185547
30629,5870.34619141
30630,4774.18994141
30631,7955.69384766
30632,5925.29589844
30633,6249.75927734
30634,3943.71679688
30635,3902.82714844
30636,5938.50732422
30637,3595.47119141
30638,6586.36865234
30639,3301.24829102
30640,5051.30908203
30641,3945.86547852
30642,5289.23583984
30643,5293.33447266
30644,5768.81152344
30645,5793.75830078
30646,7167.21679688
30647,4991.35742188
30648,6141.42333984
30649,5411.62792969
30650,6380.23339844
30651,8200.78417969
30652,6338.58642578
30653,3247.25024414
30654,5113.25292969
30655,5540.19580078
30656,3495.10742188
30657,10489.0175781
30658,4676.61669922
30659,5027.60595703
30660,8411.38574219
30661,6058.47802734
30662,3351.73510742
30663,10828.53125
30664,8301.32714844
30665,5071.97753906
30666,6447.11572266
30667,8776.70605469
30668,5430.16992188
30669,4221.98339844
30670,5519.65625
30671,4520.046875
30672,4852.83544922
30673,6212.73681641
30674,3919.98291016
30675,5975.67919922
30676,5615.39746094
30677,5416.01220703
30678,6297.37890625
30679,5070.96679688
30680,5481.59619141
30681,5008.75097656
30682,6168.28125
30683,5658.67041016
30684,5441.49414062
30685,5500.36816406
30686,5366.17871094
30687,8131.30224609
30688,4576.04931641
30689,4280.07910156
30690,5346.41162109
30691,6304.89160156
30692,6431.91357422
30693,3753.46777344
30694,3389.89086914
30695,6247.40478516
30696,6829.02050781
30697,4693.01660156
30698,6673.55908203
30699,5570.59570312
30700,5043.13916016
30701,4376.68066406
30702,2478.7434082
30703,5609.08642578
30704,5604.29980469
30705,5021.78759766
30706,7512.17919922
30707,6853.58203125
30708,4077.14892578
30709,7499.77246094
30710,3238.45825195
30711,2285.52075195
30712,5799.72412109
30713,9814.66699219
30714,6854.35986328
30715,5662.56835938
30716,3327.27490234
30717,5184.23291016
30718,6511.6171875
30719,4517.7109375
30720,7176.52685547
30721,3763.34155273
30722,4482.20361328
30723,4381.79736328
30724,4518.73193359
30725,4357.75488281
30726,3896.05712891
30727,4078.46362305
30728,3407.5769043
30729,5815.234375
30730,5031.41015625
30731,4188.09716797
30732,5645.68798828
30733,5942.57568359
30734,4498.18798828
30735,4336.59033203
30736,7695.87402344
30737,5987.32421875
30738,5212.32226562
30739,2857.77709961
30740,8568.56445312
30741,5747.08984375
30742,4158.828125
30743,6484.81640625
30744,6331.29931641
30745,5933.86425781
30746,4960.25537109
30747,6091.82128906
30748,7102.37744141
30749,10132.6357422
30750,3882.84155273
30751,3568.55908203
30752,4704.01025391
30753,5556.17236328
30754,5224.48242188
30755,6507.01660156
30756,7400.72998047
30757,4950.09765625
30758,3450.02954102
30759,4836.38916016
30760,10080.9677734
30761,3838.33691406
30762,6181.25
30763,3390.3371582
30764,6065.203125
30765,6162.98242188
30766,6058.99267578
30767,6641.7578125
30768,5066.64453125
30769,3595.23803711
30770,5253.77148438
30771,5626.72119141
30772,7164.65380859
30773,6173.17236328
30774,6850.28808594
30775,4908.03710938
30776,3535.23876953
30777,8250.82421875
30778,3819.05639648
30779,8713.28222656
30780,5673.51123047
30781,3356.06054688
30782,6046.40136719
30783,5035.16943359
30784,6133.40332031
30785,7180.73095703
30786,3443.04614258
30787,3617.42041016
30788,5765.43359375
30789,6828.69482422
30790,8596.46191406
30791,4687.43310547
30792,5269.11914062
30793,4379.03955078
30794,5426.28173828
30795,4309.78955078
30796,8646.2421875
30797,6920.53222656
30798,10173.4423828
30799,3869.13183594
30800,4699.55712891
30801,8745.98828125
30802,9010.56542969
30803,3734.12573242
30804,8649.46777344
30805,5668.10205078
30806,4436.81591797
30807,4680.53466797
30808,4088.91870117
30809,4422.79101562
30810,4479.35742188
30811,3936.65454102
30812,3954.17407227
30813,6956.36816406
30814,5907.68261719
30815,20425.28125
30816,5567.67431641
30817,3577.08642578
30818,5792.60888672
30819,9286.50195312
30820,4955.77685547
30821,5958.26904297
30822,4961.99658203
30823,7167.76367188
30824,5966.19677734
30825,3648.64257812
30826,4630.10302734
30827,5444.10058594
30828,6802.87304688
30829,5733.13330078
30830,7765.58300781
30831,3678.57202148
30832,3580.4152832
30833,4023.42626953
30834,8218.94335938
30835,8679.91308594
30836,7322.12646484
30837,6212.04980469
30838,3142.63818359
30839,4833.19726562
30840,3390.02978516
30841,6793.09521484
30842,8141.58496094
30843,8429.04589844
30844,4224.06982422
30845,3833.82495117
30846,3674.75610352
30847,5357.64794922
30848,8863.35253906
30849,4983.11328125
30850,3691.72314453
30851,3877.296875
30852,6451.70458984
30853,2892.70141602
30854,6072.89648438
30855,3125.77490234
30856,5631.87060547
30857,5230.42626953
30858,4597.70703125
30859,6261.73486328
30860,5199.90722656
30861,4436.45605469
30862,5674.56640625
30863,5413.80175781
30864,8707.05175781
30865,4923.06005859
30866,6528.18994141
30867,7387.61914062
30868,7907.15673828
30869,5312.50976562
30870,6982.31298828
30871,3290.0246582
30872,3894.53369141
30873,5081.55175781
30874,5426.06445312
30875,7614.23828125
30876,5654.55371094
30877,4283.61962891
30878,5675.78466797
30879,5699.25292969
30880,7032.25292969
30881,3023.37280273
30882,11878.4921875
30883,3548.43945312
30884,5247.24121094
30885,7046.13769531
30886,3831.40087891
30887,4448.20605469
30888,4807.56835938
30889,5992.45996094
30890,4225.12988281
30891,4197.54394531
30892,6729.21337891
30893,6126.88916016
30894,5230.16650391
30895,3927.01928711
30896,6311.67871094
30897,10021.8085938
30898,5472.47998047
30899,5053.72363281
30900,5152.69580078
30901,5501.89453125
30902,5298.63330078
30903,6189.95849609
30904,3131.36206055
30905,6093.94189453
30906,4956.04150391
30907,5435.90673828
30908,9276.16308594
30909,3755.50561523
30910,3876.65356445
30911,3780.56958008
30912,6243.08056641
30913,7421.55419922
30914,4084.77099609
30915,3795.71777344
30916,5570.92529297
30917,4623.43457031
30918,4148.36035156
30919,6778.95898438
30920,5317.44775391
30921,6518.09814453
30922,4271.20800781
30923,3849.70776367
30924,4750.71289062
30925,6772.60595703
30926,6408.00146484
30927,6575.69140625
30928,6850.45166016
30929,4654.69335938
30930,7637.36083984
30931,4477.81933594
30932,5007.25146484
30933,7314.56689453
30934,4903.09570312
30935,8570.06738281
30936,7173.67333984
30937,5647.18554688
30938,4455.3828125
30939,6442.28369141
30940,5753.78662109
30941,4994.89599609
30942,3190.27709961
30943,4636.48535156
30944,6576.93310547
30945,4444.05419922
30946,3385.15673828
30947,6677.65380859
30948,5662.62792969
30949,5082.40966797
30950,4692.98535156
30951,4216.65429688
30952,5942.89892578
30953,5741.63232422
30954,5082.56445312
30955,4071.39697266
30956,4514.49267578
30957,5388.38769531
30958,2892.73193359
30959,5156.29980469
30960,3933.23510742
30961,6747.57568359
30962,6128.15185547
30963,5220.73632812
30964,9779.50488281
30965,4440.47753906
30966,4030.4519043
30967,8399.06445312
30968,5444.15771484
30969,6434.86523438
30970,6518.50195312
30971,4167.30273438
30972,5072.56347656
30973,4785.79882812
30974,6489.06689453
30975,9158.36132812
30976,6216.53076172
30977,2314.32739258
30978,4286.02294922
30979,6982.80615234
30980,7304.38134766
30981,4904.37744141
30982,5432.33056641
30983,4012.29980469
30984,4305.88964844
30985,2683.30444336
30986,3903.79541016
30987,5038.41699219
30988,5718.48583984
30989,5308.57910156
30990,5046.06445312
30991,6801.296875
30992,7013.13623047
30993,6380.31835938
30994,3805.69165039
30995,7949.93603516
30996,8067.13134766
30997,4198.28076172
30998,6024.10058594
30999,3955.45654297
31000,5759.64550781
31001,2864.5612793
31002,5742.89208984
31003,3853.73461914
31004,7826.25048828
31005,5924.05273438
31006,6257.94384766
31007,7366.63671875
31008,4325.55126953
31009,6409.890625
31010,16163.2099609
31011,8249.99707031
31012,4330.39794922
31013,2242.84863281
31014,5012.73242188
31015,6496.57275391
31016,5179.17675781
31017,11097.0878906
31018,17166.796875
31019,3340.83032227
31020,4247.60205078
31021,7896.55273438
31022,4071.92138672
31023,6258.68408203
31024,4904.41015625
31025,6402.30126953
31026,4155.47753906
31027,5072.30175781
31028,5022.17529297
31029,6132.29150391
31030,6909.52392578
31031,4905.40185547
31032,4746.02978516
31033,6004.28662109
31034,3993.78027344
31035,4143.57910156
31036,6588.89453125
31037,4299.97900391
31038,4712.97070312
31039,5786.44628906
31040,4937.95458984
31041,4970.4765625
31042,5508.38525391
31043,5596.05273438
31044,7093.44775391
31045,8863.65722656
31046,5896.70507812
31047,4581.91064453
31048,2846.41723633
31049,5431.81787109
31050,5579.36474609
31051,4578.35449219
31052,3833.41894531
31053,7233.4765625
31054,5398.53271484
31055,8073.01953125
31056,5482.74121094
31057,4231.72460938
31058,4130.94628906
31059,4079.01586914
31060,7529.61767578
31061,4058.51953125
31062,6496.65380859
31063,12760.6425781
31064,6232.80517578
31065,5206.63720703
31066,3966.26269531
31067,3894.58959961
31068,5333.03173828
31069,3281.71142578
31070,4825.05810547
31071,8423.63769531
31072,4369.28466797
31073,11840.5322266
31074,10998.2636719
31075,4285.24658203
31076,5214.82861328
31077,4991.55712891
31078,5310.73632812
31079,4481.27587891
31080,9341.34863281
31081,5963.28369141
31082,7266.37792969
31083,3619.53320312
31084,6750.51123047
31085,4046.42382812
31086,7910.95898438
31087,5103.94091797
31088,4749.98779297
31089,5394.27099609
31090,5305.05078125
31091,6684.5234375
31092,8162.20458984
31093,5038.37402344
31094,8238.89453125
31095,5352.21826172
31096,7974.15380859
31097,4695.98144531
31098,4315.06738281
31099,3962.46582031
31100,7168.22216797
31101,5030.45996094
31102,5961.46386719
31103,5114.69677734
31104,7270.16308594
31105,3801.58789062
31106,6903.39746094
31107,6014.70166016
31108,3204.10888672
31109,11734.5175781
31110,13922.1308594
31111,5476.64208984
31112,5333.55517578
31113,7148.53076172
31114,8410.50390625
31115,9538.7734375
31116,4212.84326172
31117,6154.24755859
31118,4833.31738281
31119,6636.32470703
31120,3360.04882812
31121,4662.4609375
31122,4314.07910156
31123,4619.28222656
31124,6643.20849609
31125,4236.34472656
31126,3265.73120117
31127,5578.39599609
31128,3049.24511719
31129,3710.32177734
31130,4878.25
31131,5048.10595703
31132,7351.10351562
31133,7197.66845703
31134,5937.36328125
31135,5114.99902344
31136,5401.00537109
31137,9284.80175781
31138,5878.44238281
31139,4023.73706055
31140,4189.28369141
31141,8808.34765625
31142,3662.0078125
31143,6084.30078125
31144,2789.71826172
31145,4119.86474609
31146,5543.89599609
31147,5407.18017578
31148,4477.94335938
31149,8022.44335938
31150,8117.38525391
31151,10903.3144531
31152,5305.13183594
31153,7949.13232422
31154,2711.76196289
31155,4260.09130859
31156,5217.390625
31157,3214.11328125
31158,6918.76318359
31159,3921.25830078
31160,4350.33740234
31161,7492.02197266
31162,9052.99121094
31163,7084.50244141
31164,4428.40576172
31165,3964.6965332
31166,12471.7861328
31167,6985.14404297
31168,4804.30859375
31169,4415.03515625
31170,5672.21777344
31171,7185.02001953
31172,3759.25488281
31173,5149.00634766
31174,6180.83740234
31175,6641.84033203
31176,11635.7421875
31177,5075.26904297
31178,9945.47949219
31179,5499.34521484
31180,4313.28515625
31181,2632.78442383
31182,5117.79052734
31183,4852.21484375
31184,4289.21337891
31185,6049.71289062
31186,4079.1328125
31187,3470.62084961
31188,5770.67675781
31189,2847.42895508
31190,6807.4296875
31191,5179.76904297
31192,6523.46582031
31193,7098.85546875
31194,3848.16943359
31195,7783.92871094
31196,5853.58886719
31197,4609.00048828
31198,4929.85986328
31199,4550.56787109
31200,8389.28027344
31201,5441.88867188
31202,3869.2644043
31203,5980.25244141
31204,6709.95996094
31205,5820.1953125
31206,4826.453125
31207,7416.88378906
31208,4860.79003906
31209,5276.703125
31210,4690.12548828
31211,7270.41992188
31212,4621.22119141
31213,5051.24121094
31214,4143.74902344
31215,4435.33007812
31216,3836.1953125
31217,3947.27368164
31218,6829.51611328
31219,7383.94140625
31220,8865.34863281
31221,8730.53613281
31222,6562.0078125
31223,8138.68847656
31224,4535.18457031
31225,9798.32714844
31226,8446.4453125
31227,5466.54833984
31228,7140.71484375
31229,6638.9140625
31230,4589.33837891
31231,3092.98022461
31232,9485.18359375
31233,5366.02978516
31234,5580.85498047
31235,4971.85644531
31236,1941.99987793
31237,9134.07617188
31238,5548.47216797
31239,3576.09716797
31240,3966.62573242
31241,4271.48535156
31242,5472.65234375
31243,5778.50927734
31244,5512.16943359
31245,4952.57763672
31246,3548.75415039
31247,3371.24121094
31248,2593.96264648
31249,5772.26757812
31250,14997.8613281
31251,3607.0690918
31252,4909.99462891
31253,5759.65673828
31254,4193.15380859
31255,4114.54638672
31256,4085.27734375
31257,3317.4753418
31258,5939.35742188
31259,5672.27197266
31260,3097.18457031
31261,7040.38720703
31262,3809.49462891
31263,3951.28564453
31264,9842.33984375
31265,6274.70898438
31266,8626.12792969
31267,3840.65527344
31268,5124.859375
31269,3774.1015625
31270,4029.69848633
31271,13935.109375
31272,8489.95605469
31273,5340.51464844
31274,4118.63867188
31275,3719.94702148
31276,4437.9375
31277,3631.10449219
31278,8698.38574219
31279,4459.51171875
31280,4579.07958984
31281,5663.4921875
31282,3636.484375
31283,5102.52880859
31284,5433.64160156
31285,5639.36425781
31286,5591.73046875
31287,3180.98681641
31288,4727.74804688
31289,4895.28222656
31290,7319.22851562
31291,6978.09912109
31292,5793.62011719
31293,3435.53320312
31294,6823.29736328
31295,4755.33789062
31296,3856.55908203
31297,5689.80175781
31298,6047.01855469
31299,5261.45507812
31300,5217.86328125
31301,5254.6640625
31302,5087.16748047
31303,4465.07910156
31304,5858.33642578
31305,5576.22021484
31306,4391.04492188
31307,7881.45117188
31308,5092.75048828
31309,3719.48583984
31310,9581.75683594
31311,4502.49853516
31312,3128.22998047
31313,6149.58251953
31314,7202.05664062
31315,8071.48730469
31316,4352.46240234
31317,4543.84033203
31318,5083.18066406
31319,6154.81689453
31320,4642.69482422
31321,6486.32568359
31322,2521.31518555
31323,4438.48730469
31324,4919.58642578
31325,4235.68212891
31326,3799.25683594
31327,5382.0078125
31328,5803.73583984
31329,5039.07128906
31330,6500.30419922
31331,5113.10205078
31332,6596.484375
31333,4344.13378906
31334,5511.95361328
31335,5233.93945312
31336,6385.46337891
31337,6730.12451172
31338,2757.0871582
31339,7583.50732422
31340,5366.82861328
31341,5935.09814453
31342,4452.05615234
31343,3401.74707031
31344,6265.35498047
31345,4783.60791016
31346,7510.32373047
31347,5254.08789062
31348,4440.24072266
31349,6258.55810547
31350,5066.70263672
31351,4066.64575195
31352,6383.66064453
31353,4344.18359375
31354,7550.17871094
31355,8714.84570312
31356,6221.17529297
31357,3794.06689453
31358,4169.04003906
31359,3551.45678711
31360,2704.94580078
31361,6426.37011719
31362,4346.33447266
31363,7433.13671875
31364,3476.57861328
31365,4677.38378906
31366,5012.61816406
31367,7920.23046875
31368,4397.06347656
31369,4365.1484375
31370,3996.92456055
31371,6165.41064453
31372,4383.93847656
31373,6019.44238281
31374,6125.60351562
31375,7199.41894531
31376,6170.06982422
31377,6115.9765625
31378,4886.50732422
31379,3744.27734375
31380,4275.10498047
31381,8968.13378906
31382,7454.20166016
31383,9044.63671875
31384,13484.5761719
31385,3998.81958008
31386,3913.09375
31387,4877.90576172
31388,7256.84033203
31389,7810.09863281
31390,5666.45361328
31391,6450.57226562
31392,6614.71191406
31393,6001.92724609
31394,5160.74804688
31395,4189.77099609
31396,3698.63891602
31397,3974.57226562
31398,3203.44848633
31399,3908.12475586
31400,6260.0625
31401,13685.5947266
31402,5312.46435547
31403,4135.74853516
31404,5803.01660156
31405,2994.25634766
31406,5232.07763672
31407,3434.39282227
31408,7706.24511719
31409,5551.20361328
31410,5058.78759766
31411,10604.6269531
31412,10872.234375
31413,4195.84667969
31414,5893.65185547
31415,3387.70214844
31416,4596.37402344
31417,4558.54394531
31418,6781.32568359
31419,3704.91748047
31420,3670.08618164
31421,4661.54541016
31422,4624.16259766
31423,5382.03857422
31424,5349.68115234
31425,3627.82226562
31426,5709.58007812
31427,7008.8828125
31428,5507.35009766
31429,3407.26171875
31430,3198.14794922
31431,6657.86816406
31432,3795.61621094
31433,8411.06542969
31434,3442.18261719
31435,4594.93603516
31436,5090.35644531
31437,4369.05126953
31438,3852.28662109
31439,4590.37988281
31440,5391.71923828
31441,7757.34375
31442,7696.21875
31443,4763.65429688
31444,3462.22851562
31445,4815.58203125
31446,4768.58251953
31447,4008.9296875
31448,4512.58496094
31449,4838.56689453
31450,9962.33105469
31451,5872.41210938
31452,4889.15039062
31453,6473.80957031
31454,3733.78369141
31455,7628.00537109
31456,4621.05419922
31457,10632.9648438
31458,4916.64501953
31459,4102.13916016
31460,4174.57568359
31461,3397.14868164
31462,6021.34863281
31463,17470.59375
31464,3476.59863281
31465,4057.49731445
31466,7569.55322266
31467,5422.25634766
31468,5603.34326172
31469,6823.20654297
31470,4860.89208984
31471,4175.69042969
31472,3674.27587891
31473,8190.17724609
31474,4698.21240234
31475,5882.95263672
31476,6636.64111328
31477,4083.41894531
31478,6844.72314453
31479,4876.80273438
31480,3582.20874023
31481,7282.78027344
31482,7939.50195312
31483,3560.58178711
31484,6155.02197266
31485,5275.22900391
31486,4482.25097656
31487,7336.73681641
31488,5400.57226562
31489,6114.28515625
31490,3751.78173828
31491,3679.13720703
31492,6821.86621094
31493,3177.98388672
31494,6542.75830078
31495,3586.93774414
31496,4969.72216797
31497,3931.29956055
31498,4904.70019531
31499,5301.27734375
31500,5755.60888672
31501,5390.26416016
31502,6653.21484375
31503,4673.81591797
31504,6306.26855469
31505,5545.45605469
31506,6673.39990234
31507,8086.25097656
31508,6227.59326172
31509,3185.26220703
31510,4922.33203125
31511,5557.4765625
31512,3539.59863281
31513,9958.76855469
31514,4404.00634766
31515,5010.28515625
31516,8352.05957031
31517,5664.97265625
31518,3176.55029297
31519,10468.3798828
31520,8331.47753906
31521,4998.25146484
31522,6409.74365234
31523,7913.28320312
31524,5038.94140625
31525,4341.28369141
31526,5519.15625
31527,4465.23193359
31528,4689.72753906
31529,5878.39208984
31530,3716.06005859
31531,6116.70556641
31532,5403.56103516
31533,5370.64892578
31534,5967.47167969
31535,5038.54199219
31536,5501.74804688
31537,4592.82861328
31538,6022.73876953
31539,5770.48925781
31540,5031.83740234
31541,5641.23095703
31542,5219.33251953
31543,7761.25146484
31544,4469.51953125
31545,4229.28710938
31546,4813.37695312
31547,6084.75927734
31548,6612.08154297
31549,3775.04858398
31550,3348.96704102
31551,6883.83007812
31552,6650.11914062
31553,4564.91455078
31554,6331.37158203
31555,5285.34765625
31556,5577.56103516
31557,3981.74438477
31558,2389.02172852
31559,5484.58789062
31560,5580.77001953
31561,4818.35205078
31562,7402.39599609
31563,7237.30615234
31564,4098.08740234
31565,6653.90087891
31566,3392.41064453
31567,2243.46191406
31568,5744.99023438
31569,9998.52246094
31570,6251.30371094
31571,5735.6328125
31572,3198.51391602
31573,5252.55419922
31574,6352.93115234
31575,4572.20068359
31576,6652.87255859
31577,3839.99584961
31578,4127.20458984
31579,4251.24169922
31580,4321.22119141
31581,4584.45507812
31582,3866.48266602
31583,3583.62353516
31584,3542.96655273
31585,5825.31005859
31586,4931.93408203
31587,3934.49951172
31588,5435.85009766
31589,5726.56396484
31590,4463.71191406
31591,4148.43164062
31592,7163.32861328
31593,6144.98535156
31594,4616.05761719
31595,2866.015625
31596,8641.24609375
31597,5300.66015625
31598,4006.13500977
31599,6187.125
31600,6671.41455078
31601,5993.44921875
31602,4739.37939453
31603,5973.75292969
31604,7076.52636719
31605,10547.1113281
31606,3807.63452148
31607,3550.0612793
31608,4125.63720703
31609,5310.38183594
31610,4829.44628906
31611,7119.14990234
31612,6856.45214844
31613,4925.53515625
31614,3262.39624023
31615,4741.83984375
31616,9576.03808594
31617,3804.12011719
31618,5786.90380859
31619,3243.57202148
31620,5636.94921875
31621,6011.97705078
31622,6116.90380859
31623,6902.06103516
31624,5002.14306641
31625,3403.11376953
31626,4795.21142578
31627,5804.09619141
31628,6984.55126953
31629,6192.72265625
31630,6224.17919922
31631,4590.77441406
31632,3630.0065918
31633,8282.51171875
31634,3601.64013672
31635,8618.94042969
31636,5077.68017578
31637,3578.31518555
31638,5895.14697266
31639,4903.13330078
31640,6452.77539062
31641,7272.54199219
31642,3349.11401367
31643,3629.34863281
31644,5633.19775391
31645,6453.76611328
31646,8287.28515625
31647,4776.85058594
31648,5063.99169922
31649,4279.03369141
31650,5085.59082031
31651,4145.88378906
31652,8252.75976562
31653,6818.19091797
31654,10134.8105469
31655,3726.62084961
31656,4818.19140625
31657,8609.96777344
31658,8756.89746094
31659,3831.29492188
31660,7948.98876953
31661,5513.89404297
31662,4183.78027344
31663,4063.92724609
31664,4023.11547852
31665,4311.38085938
31666,4528.25048828
31667,3657.51464844
31668,3846.6315918
31669,6528.4765625
31670,5540.44433594
31671,20358.75
31672,5209.38964844
31673,3472.71386719
31674,5752.67822266
31675,9935.76171875
31676,5083.83496094
31677,5800.22753906
31678,5155.99511719
31679,6740.37158203
31680,5952.90087891
31681,3658.93505859
31682,4500.85791016
31683,5432.75537109
31684,6835.97412109
31685,5583.37353516
31686,7899.69384766
31687,3715.13842773
31688,3759.88598633
31689,3827.44482422
31690,7973.41601562
31691,8828.609375
31692,7497.54052734
31693,5916.64941406
31694,3525.37841797
31695,4729.5703125
31696,3374.88061523
31697,6495.40185547
31698,7902.28613281
31699,8530.00292969
31700,4090.66650391
31701,3768.28466797
31702,4026.78588867
31703,5359.91210938
31704,8052.88574219
31705,5006.52978516
31706,3622.74194336
31707,3830.17675781
31708,6249.69384766
31709,2935.43237305
31710,5937.21582031
31711,3077.74536133
31712,5503.79492188
31713,5192.09130859
31714,4589.87207031
31715,6195.35742188
31716,5268.83740234
31717,4296.37158203
31718,5714.02587891
31719,5227.78222656
31720,8455.22265625
31721,4993.52880859
31722,6499.13232422
31723,7133.6484375
31724,7976.22265625
31725,5390.15087891
31726,7097.44091797
31727,3389.03393555
31728,4237.7109375
31729,4947.09570312
31730,5453.47607422
31731,7895.22705078
31732,5726.25292969
31733,4408.82373047
31734,5615.78857422
31735,5730.77734375
31736,7233.66943359
31737,3002.71191406
31738,11029.8408203
31739,3645.84179688
31740,5405.82373047
31741,6965.63037109
31742,3929.44726562
31743,4289.04150391
31744,4826.28710938
31745,5941.31738281
31746,3997.84326172
31747,4237.32275391
31748,6782.95654297
31749,6165.41064453
31750,5046.71923828
31751,4032.57885742
31752,6372.94726562
31753,10055.3671875
31754,5611.83691406
31755,4991.46679688
31756,5061.88623047
31757,5542.65380859
31758,5329.39550781
31759,6274.51123047
31760,3022.80200195
31761,6108.02441406
31762,4957.22802734
31763,5634.44433594
31764,8964.00292969
31765,3816.92211914
31766,3846.33447266
31767,3716.93920898
31768,6213.72119141
31769,7592.58349609
31770,4146.76220703
31771,3709.54663086
31772,5636.72900391
31773,4681.09716797
31774,4210.08300781
31775,6923.97851562
31776,5390.04785156
31777,6535.13037109
31778,4357.96289062
31779,3729.46582031
31780,4814.87451172
31781,6811.73583984
31782,6518.25341797
31783,6240.93701172
31784,6226.96386719
31785,4772.98779297
31786,7396.234375
31787,4218.74267578
31788,4877.23583984
31789,7354.66650391
31790,4855.4375
31791,8461.18457031
31792,6823.0703125
31793,5803.44238281
31794,4495.10449219
31795,6127.82470703
31796,5650.77392578
31797,5071.03466797
31798,3294.64135742
31799,4811.93554688
31800,6521.79248047
31801,4353.57910156
31802,3465.55249023
31803,6463.9375
31804,5831.22558594
31805,5214.86328125
31806,4692.89599609
31807,4087.28491211
31808,5956.27441406
31809,5593.26660156
31810,5108.73876953
31811,4162.96386719
31812,4758.13232422
31813,5214.23681641
31814,2994.24462891
31815,5989.10595703
31816,3974.74658203
31817,6840.59228516
31818,6256.4453125
31819,5273.27685547
31820,9757.62988281
31821,4130.02441406
31822,4087.42919922
31823,8173.99951172
31824,5217.02294922
31825,6339.69238281
31826,6307.84472656
31827,4031.50195312
31828,5036.65380859
31829,4832.61621094
31830,6451.56933594
31831,9154.53710938
31832,6500.81884766
31833,2383.62841797
31834,3834.2746582
31835,6679.61572266
31836,6827.74414062
31837,4847.81982422
31838,5406.79345703
31839,4085.57373047
31840,4454.12109375
31841,2563.81738281
31842,3935.36279297
31843,5099.75585938
31844,5546.63085938
31845,5598.90380859
31846,4914.28613281
31847,6527.09423828
31848,6951.61914062
31849,6340.81738281
31850,3769.60766602
31851,8045.53857422
31852,7525.8984375
31853,4240.79248047
31854,6232.52001953
31855,3827.79516602
31856,5298.39599609
31857,2848.66503906
31858,5733.73486328
31859,3590.72753906
31860,7894.21826172
31861,5997.69824219
31862,6199.31787109
31863,7510.86816406
31864,4272.60986328
31865,6382.90527344
31866,16044.4560547
31867,8212.92578125
31868,4375.83300781
31869,2219.80151367
31870,4806.62841797
31871,6848.52441406
31872,5178.44042969
31873,11162.6582031
31874,17248.1660156
31875,3434.46801758
31876,4247.21289062
31877,7981.09326172
31878,3678.56860352
31879,6064.05712891
31880,5023.21484375
31881,6124.59277344
31882,4187.75341797
31883,5122.53320312
31884,5054.86083984
31885,6123.54150391
31886,6892.43652344
31887,5070.95214844
31888,4644.59912109
31889,6029.61328125
31890,4068.29101562
31891,4174.80273438
31892,6590.38427734
31893,4278.10693359
31894,4698.83984375
31895,5682.66943359
31896,5376.92333984
31897,4918.07080078
31898,5610.41357422
31899,5600.95947266
31900,7062.88476562
31901,8928.11523438
31902,6209.02880859
31903,4653.98339844
31904,2861.08862305
31905,5246.67041016
31906,5759.20605469
31907,4526.95458984
31908,3962.73046875
31909,7488.25
31910,5257.75732422
31911,8234.84082031
31912,5635.10595703
31913,4244.70166016
31914,4063.31494141
31915,4124.20117188
31916,7450.67626953
31917,4049.04931641
31918,6452.82470703
31919,13338.9980469
31920,6174.80908203
31921,5144.59716797
31922,3994.359375
31923,3700.4387207
31924,5214.02294922
31925,3056.82958984
31926,4958.26416016
31927,8585.44140625
31928,4160.61816406
31929,11367.7060547
31930,11305.0712891
31931,4158.73291016
31932,5274.93701172
31933,5199.203125
31934,5369.47070312
31935,4357.11474609
31936,9487.59960938
31937,5624.51611328
31938,7575.96679688
31939,3693.40673828
31940,6394.86767578
31941,4158.08251953
31942,7954.63867188
31943,5003.99951172
31944,4586.96191406
31945,5404.83398438
31946,5289.78564453
31947,6292.83935547
31948,8422.68164062
31949,4985.97998047
31950,7587.49414062
31951,5271.52685547
31952,8246.41015625
31953,5056.49072266
31954,4276.02636719
31955,3907.77441406
31956,6956.65332031
31957,4962.6640625
31958,5770.41259766
31959,5035.04443359
31960,7056.22558594
31961,3752.62304688
31962,7499.79394531
31963,6125.96630859
31964,3258.23486328
31965,11232.2998047
31966,14214.6503906
31967,5434.27929688
31968,5300.53369141
31969,7339.06787109
31970,7960.9609375
31971,9735.40234375
31972,4331.45947266
31973,5753.60009766
31974,4680.06591797
31975,6563.41601562
31976,3221.52978516
31977,4811.05029297
31978,4299.69628906
31979,4672.18896484
31980,6447.47216797
31981,4269.96533203
31982,3111.56567383
31983,5579.43408203
31984,3229.58544922
31985,3651.20166016
31986,4899.05175781
31987,4505.90576172
31988,7122.53222656
31989,7281.23876953
31990,6026.29541016
31991,5101.29296875
31992,5257.25097656
31993,9498.09375
31994,5686.95361328
31995,3935.82495117
31996,4226.65771484
31997,8922.09667969
31998,3676.98632812
31999,5500.27832031
32000,2823.85302734
32001,3957.05664062
32002,5641.93603516
32003,5389.15332031
32004,4386.11767578
32005,7950.30761719
32006,7831.12646484
32007,10925.7988281
32008,5370.29541016
32009,7954.06982422
32010,2572.63696289
32011,4289.79443359
32012,4945.52490234
32013,3173.71508789
32014,6854.38623047
32015,3855.98535156
32016,4433.23193359
32017,7049.08886719
32018,9072.171875
32019,7110.97265625
32020,4475.78222656
32021,3996.57739258
32022,11428.6386719
32023,7084.20458984
32024,4849.76269531
32025,4429.51220703
32026,5614.61572266
32027,7481.046875
32028,3582.33862305
32029,4842.35742188
32030,6056.67578125
32031,6116.0
32032,12304.7900391
32033,4981.32617188
32034,9705.82714844
32035,5522.66845703
32036,4402.36425781
32037,2722.22631836
32038,4940.36669922
32039,4880.05078125
32040,4456.40722656
32041,5893.58398438
32042,4150.07373047
32043,3297.67871094
32044,5633.38037109
32045,2939.36645508
32046,6965.06591797
32047,5192.36914062
32048,6719.44482422
32049,6768.83496094
32050,3802.53808594
32051,7880.68457031
32052,5879.51953125
32053,4590.91015625
32054,4954.30664062
32055,4163.72265625
32056,8507.34179688
32057,5517.11914062
32058,3935.68212891
32059,5551.47949219
32060,6481.38427734
32061,5771.16650391
32062,4923.93798828
32063,7079.18652344
32064,4933.55712891
32065,5316.87939453
32066,4748.81445312
32067,6746.80322266
32068,4978.07763672
32069,5255.8671875
32070,4117.12207031
32071,4427.89892578
32072,4050.9230957
32073,3956.16601562
32074,6814.43945312
32075,7742.58935547
32076,8671.34863281
32077,8860.90136719
32078,6520.29296875
32079,8433.10742188
32080,4649.41308594
32081,9261.65625
32082,8823.32226562
32083,5314.68408203
32084,6888.89404297
32085,7084.43457031
32086,4743.74853516
32087,3267.92822266
32088,9645.66699219
32089,5422.62353516
32090,5488.67041016
32091,5076.28076172
32092,1931.90527344
32093,8692.671875
32094,5634.81542969
32095,3623.86206055
32096,3999.1706543
32097,4239.46533203
32098,5827.22216797
32099,5688.93896484
32100,5551.37841797
32101,4971.68554688
32102,3567.55151367
32103,2943.61499023
32104,2727.29785156
32105,5764.90527344
32106,15142.0488281
32107,3675.59399414
32108,4692.76611328
32109,5307.12109375
32110,4327.89599609
32111,4077.95019531
32112,4103.09423828
32113,3286.4609375
32114,5939.95214844
32115,5353.81103516
32116,3134.60791016
32117,7028.37695312
32118,3843.74121094
32119,4053.47412109
32120,10112.8916016
32121,6318.76855469
32122,8823.59179688
32123,4022.14086914
32124,5369.28125
32125,3839.99951172
32126,4177.22460938
32127,12963.7607422
32128,8534.89453125
32129,5369.57324219
32130,4133.73291016
32131,3748.0222168
32132,4603.51708984
32133,3505.76611328
32134,8952.39160156
32135,4696.33984375
32136,4734.57617188
32137,5514.52539062
32138,3709.36621094
32139,5264.95410156
32140,5634.54638672
32141,5678.33496094
32142,5548.4140625
32143,3137.83911133
32144,4815.31542969
32145,4820.75634766
32146,7429.37304688
32147,6994.30419922
32148,5677.19775391
32149,3511.46264648
32150,6849.85693359
32151,4634.21679688
32152,3763.87280273
32153,5653.10253906
32154,5770.70458984
32155,4985.16699219
32156,5171.70263672
32157,5330.14306641
32158,5156.61474609
32159,4657.85595703
32160,5937.13671875
32161,5554.19628906
32162,4334.12548828
32163,8009.56787109
32164,5004.24316406
32165,3605.23242188
32166,9360.03222656
32167,4671.75634766
32168,2975.6953125
32169,6468.75439453
32170,7218.36865234
32171,8305.48535156
32172,4442.09619141
32173,4624.59033203
32174,5116.12158203
32175,5842.13183594
32176,4686.6015625
32177,6267.47119141
32178,2633.86206055
32179,4561.31054688
32180,4789.90869141
32181,4254.79980469
32182,3872.55834961
32183,5398.56396484
32184,5752.79345703
32185,5387.63232422
32186,6553.80712891
32187,4957.99902344
32188,6596.79882812
32189,4063.13671875
32190,5594.37646484
32191,5397.37451172
32192,6472.10546875
32193,6413.59619141
32194,2656.18554688
32195,7530.30029297
32196,5327.90625
32197,5771.24951172
32198,4487.1015625
32199,3598.53198242
32200,6286.19287109
32201,4576.29394531
32202,6787.27929688
32203,5323.30908203
32204,4500.45019531
32205,5958.78662109
32206,5053.57861328
32207,4037.40917969
32208,6448.06835938
32209,4098.96289062
32210,7580.49169922
32211,8305.27050781
32212,6420.52490234
32213,3866.65209961
32214,4127.45654297
32215,3634.56298828
32216,2677.40917969
32217,6396.28320312
32218,4354.05712891
32219,7638.61376953
32220,3440.22607422
32221,4746.5546875
32222,5166.77685547
32223,7262.02001953
32224,4172.05175781
32225,4416.71191406
32226,3870.49023438
32227,6400.50585938
32228,4696.40234375
32229,5671.31982422
32230,6141.24121094
32231,7237.15478516
32232,6137.96240234
32233,5928.70507812
32234,4901.66992188
32235,3844.45263672
32236,4319.83203125
32237,8977.61621094
32238,7280.87060547
32239,9104.26074219
32240,12989.8867188
32241,4072.11132812
32242,3988.50341797
32243,5024.44189453
32244,6879.97705078
32245,7800.01171875
32246,5591.60205078
32247,6717.19628906
32248,6206.48828125
32249,6050.37060547
32250,5070.65722656
32251,4082.97119141
32252,3823.07348633
32253,4004.40039062
32254,2935.77124023
32255,3863.98266602
32256,6164.56982422
32257,13843.2441406
32258,5391.25634766
32259,4249.90380859
32260,5660.41357422
32261,2981.31005859
32262,5145.77050781
32263,3602.29638672
32264,8138.47900391
32265,5521.125
32266,5278.03759766
32267,10508.3037109
32268,10023.2041016
32269,4092.05224609
32270,6010.49804688
32271,3401.28979492
32272,4700.22949219
32273,4652.625
32274,6817.546875
32275,3748.48706055
32276,3793.31787109
32277,4831.92529297
32278,4699.00976562
32279,5482.58984375
32280,5167.25488281
32281,4003.453125
32282,5779.15966797
32283,6825.52392578
32284,5450.77685547
32285,3408.11352539
32286,2988.69384766
32287,6544.17529297
32288,3835.45629883
32289,8099.28857422
32290,3443.6965332
32291,4696.57226562
32292,5103.85791016
32293,4403.03173828
32294,4016.63891602
32295,4615.21289062
32296,5289.61425781
32297,7806.33789062
32298,7332.95214844
32299,4665.07714844
32300,3640.17016602
32301,4917.70507812
32302,4885.57519531
32303,4144.93505859
32304,4619.99658203
32305,4944.015625
32306,10093.9560547
32307,5993.84912109
32308,4985.03417969
32309,6297.85351562
32310,3816.49267578
32311,7510.48828125
32312,4790.53955078
32313,10290.8232422
32314,4913.27392578
32315,4109.24365234
32316,4060.06420898
32317,3531.41650391
32318,6131.65380859
32319,17411.6933594
32320,3066.91845703
32321,4042.44189453
32322,8030.95654297
32323,5500.95019531
32324,5585.61083984
32325,6750.16308594
32326,4689.58447266
32327,4192.54199219
32328,3800.30444336
32329,8540.1953125
32330,4820.30566406
32331,6047.35302734
32332,6553.88232422
32333,4309.85107422
32334,7036.32568359
32335,5248.32714844
32336,3652.56005859
32337,7732.67773438
32338,8705.13378906
32339,3593.91113281
32340,5715.53564453
32341,5197.11572266
32342,4627.58203125
32343,7325.90527344
32344,5250.92089844
32345,6089.23535156
32346,3760.92626953
32347,3732.921875
32348,6320.00439453
32349,3251.53417969
32350,6700.53271484
32351,3260.13134766
32352,4866.37109375
32353,3764.27514648
32354,4969.61816406
32355,5003.54150391
32356,5601.86279297
32357,5473.45654297
32358,6737.50439453
32359,4718.26025391
32360,6283.89013672
32361,5456.20800781
32362,6248.46582031
32363,8117.91894531
32364,6369.00927734
32365,3340.85571289
32366,5190.27929688
32367,5734.484375
32368,3577.9465332
32369,9804.19726562
32370,4357.01513672
32371,5102.29589844
32372,8573.24902344
32373,5916.62109375
32374,3129.82104492
32375,10470.4570312
32376,8433.67773438
32377,5025.90332031
32378,6678.08642578
32379,8821.16796875
32380,4937.67675781
32381,4579.77832031
32382,5314.90722656
32383,4597.96142578
32384,4647.68359375
32385,5555.21875
32386,3632.43139648
32387,6555.45751953
32388,5083.80566406
32389,5324.55859375
32390,5663.57324219
32391,5112.28710938
32392,5917.81201172
32393,4689.57958984
32394,6145.02050781
32395,5558.90820312
32396,5084.19384766
32397,5345.67724609
32398,5371.25341797
32399,8045.34667969
32400,4343.09765625
32401,4310.80517578
32402,4901.03417969
32403,5664.47021484
32404,6794.22949219
32405,3735.30859375
32406,3351.78295898
32407,6303.640625
32408,6497.03759766
32409,4734.04833984
32410,6181.23828125
32411,5218.86914062
32412,4992.25732422
32413,3754.59960938
32414,2460.63256836
32415,5531.59423828
32416,5406.77294922
32417,5093.00341797
32418,7486.40039062
32419,6858.02197266
32420,3920.88061523
32421,6718.71435547
32422,3426.92456055
32423,2400.61376953
32424,5703.58154297
32425,10305.7626953
32426,5996.68017578
32427,5522.52636719
32428,3302.72241211
32429,5126.90820312
32430,6407.640625
32431,4691.21289062
32432,7268.65869141
32433,3821.25024414
32434,4146.55615234
32435,4379.03955078
32436,4195.84228516
32437,4330.68701172
32438,3622.23413086
32439,3616.73730469
32440,3564.93896484
32441,5897.82421875
32442,5016.88427734
32443,3970.26000977
32444,5565.82666016
32445,5522.22607422
32446,4495.7734375
32447,4284.73144531
32448,6852.54931641
32449,5791.42089844
32450,4475.74804688
32451,2791.31274414
32452,9252.07617188
32453,5422.08056641
32454,4219.70458984
32455,6223.76367188
32456,6581.73388672
32457,5613.71630859
32458,4777.91210938
32459,6106.37060547
32460,7205.67724609
32461,10331.1728516
32462,3881.97851562
32463,3673.98144531
32464,3984.97045898
32465,5155.01611328
32466,4744.59912109
32467,6595.43359375
32468,6744.00439453
32469,4960.30761719
32470,3265.39477539
32471,4945.70361328
32472,10119.3369141
32473,3694.53100586
32474,5766.94628906
32475,3281.94970703
32476,5645.17138672
32477,6125.28857422
32478,5978.80908203
32479,6864.42236328
32480,5175.57617188
32481,3488.69165039
32482,4876.765625
32483,5977.81689453
32484,6957.13134766
32485,5748.21337891
32486,6211.90185547
32487,4464.22314453
32488,3583.54833984
32489,8054.54541016
32490,3661.6340332
32491,8166.57275391
32492,5154.89306641
32493,3610.23291016
32494,5980.21240234
32495,5257.02001953
32496,6124.2421875
32497,7121.34375
32498,3136.53125
32499,3554.15454102
32500,5611.72460938
32501,6686.34082031
32502,8345.94433594
32503,5009.98925781
32504,5341.44140625
32505,4389.87207031
32506,5169.46826172
32507,3916.65283203
32508,7939.38818359
32509,7051.95996094
32510,10345.0556641
32511,3761.28857422
32512,4682.88378906
32513,8501.73730469
32514,8612.61230469
32515,3978.89672852
32516,8147.60449219
32517,5584.69482422
32518,4421.23828125
32519,4149.61914062
32520,3877.23046875
32521,4557.38769531
32522,4541.15771484
32523,3821.5637207
32524,3692.44848633
32525,6128.72998047
32526,5415.42871094
32527,20442.4140625
32528,5279.85009766
32529,3840.65136719
32530,5872.09863281
32531,10431.9599609
32532,5570.83496094
32533,6486.69677734
32534,5614.25683594
32535,7214.97558594
32536,6362.36083984
32537,3808.71313477
32538,4889.12255859
32539,5895.65869141
32540,7366.11669922
32541,6038.58007812
32542,8533.73828125
32543,4137.26367188
32544,4002.1628418
32545,4466.45898438
32546,8660.34765625
32547,10105.5439453
32548,7684.52685547
32549,6627.81640625
32550,3397.61547852
32551,5141.0703125
32552,3647.13574219
32553,7143.56201172
32554,8923.1953125
32555,9274.06640625
32556,4664.703125
32557,4135.41699219
32558,3876.02124023
32559,6062.87744141
32560,8573.41210938
32561,5553.51269531
32562,4377.66162109
32563,4263.19726562
32564,6643.01855469
32565,3224.53051758
32566,6427.36328125
32567,3546.44287109
32568,6019.17236328
32569,5633.70263672
32570,5065.00146484
32571,6898.88232422
32572,5669.50244141
32573,4672.85742188
32574,6148.76171875
32575,5928.23535156
32576,9335.36230469
32577,5623.84570312
32578,6985.71044922
32579,8169.02734375
32580,8548.703125
32581,5990.17431641
32582,7740.35205078
32583,3665.7512207
32584,4602.02441406
32585,5494.84619141
32586,6292.46728516
32587,8586.82519531
32588,6572.25537109
32589,4952.73828125
32590,6537.01318359
32591,6299.62597656
32592,7680.84130859
32593,3430.44384766
32594,11762.1484375
32595,3935.45703125
32596,5975.97021484
32597,7486.81445312
32598,4270.76806641
32599,4938.57177734
32600,5185.78076172
32601,6679.73681641
32602,4503.87695312
32603,4745.43652344
32604,7752.52832031
32605,6933.67382812
32606,5881.56640625
32607,4612.6953125
32608,7013.71142578
32609,11444.7382812
32610,6145.29638672
32611,5641.13916016
32612,5596.84228516
32613,6068.16015625
32614,5644.55175781
32615,7039.08447266
32616,3379.70678711
32617,7153.92626953
32618,5519.203125
32619,6382.55859375
32620,10304.1904297
32621,3758.77416992
32622,4213.65869141
32623,4061.07519531
32624,6831.39892578
32625,8009.79736328
32626,4665.74462891
32627,4198.36865234
32628,6168.7109375
32629,5162.78125
32630,4519.80078125
32631,7309.50341797
32632,5879.04785156
32633,7001.48632812
32634,4717.89111328
32635,4107.45703125
32636,5413.56396484
32637,7339.59960938
32638,7114.10693359
32639,6916.21679688
32640,7101.61865234
32641,5342.19580078
32642,8601.39941406
32643,4640.73779297
32644,5267.41015625
32645,8389.51269531
32646,5447.82470703
32647,8879.45507812
32648,7249.74267578
32649,6525.56933594
32650,4912.45361328
32651,6549.88867188
32652,6283.79443359
32653,5544.35107422
32654,3592.54345703
32655,5099.50292969
32656,7094.7265625
32657,4646.85009766
32658,3609.32714844
32659,7148.76953125
32660,6090.17675781
32661,5675.18896484
32662,5157.44628906
32663,4483.71337891
32664,6370.67431641
32665,6234.00585938
32666,5466.61083984
32667,4619.50732422
32668,5332.10546875
32669,5753.63330078
32670,3236.72265625
32671,5961.2421875
32672,4505.62597656
32673,7516.76660156
32674,6861.40478516
32675,5620.90625
32676,11006.6904297
32677,4451.9375
32678,4587.61328125
32679,9102.4375
32680,5704.49072266
32681,7301.5390625
32682,7009.81884766
32683,4604.81738281
32684,5655.48681641
32685,5366.16308594
32686,6877.75927734
32687,10367.9521484
32688,7256.45996094
32689,2561.39477539
32690,4113.60888672
32691,7168.99462891
32692,7668.87255859
32693,5233.38525391
32694,5954.93994141
32695,4526.34619141
32696,4722.38476562
32697,2903.27514648
32698,4124.07568359
32699,5665.14550781
32700,6160.57861328
32701,5915.21630859
32702,5461.15966797
32703,7065.69482422
32704,7548.64453125
32705,7076.82373047
32706,4142.52392578
32707,8731.95117188
32708,8506.36914062
32709,4682.28515625
32710,6839.61962891
32711,4467.38818359
32712,5772.55419922
32713,3288.26123047
32714,5885.63525391
32715,4077.8996582
32716,8646.94335938
32717,6794.63085938
32718,7029.38964844
32719,8028.0234375
32720,4821.13818359
32721,7210.97167969
32722,17018.859375
32723,9101.14355469
32724,4822.82177734
32725,2392.50244141
32726,5221.76757812
32727,7305.48876953
32728,5790.53173828
32729,11361.6796875
32730,18450.7089844
32731,3663.18530273
32732,4614.23974609
32733,9072.30957031
32734,4020.96679688
32735,6661.66064453
32736,5404.22070312
32737,6680.44384766
32738,4581.48730469
32739,5630.11425781
32740,5487.06787109
32741,6910.39404297
32742,7689.38769531
32743,5721.59033203
32744,5203.98095703
32745,6536.50195312
32746,4390.34130859
32747,4584.03515625
32748,7532.23925781
32749,4817.28173828
32750,5277.55419922
32751,6170.42919922
32752,5640.64990234
32753,5181.08886719
32754,6069.74023438
32755,6198.96923828
32756,8274.88476562
32757,10476.9199219
32758,6274.39208984
32759,5075.85449219
32760,3178.20214844
32761,5586.13818359
32762,6379.83154297
32763,5287.19824219
32764,4356.18408203
32765,8107.89111328
32766,5628.76123047
32767,9262.75097656
32768,5980.66845703
32769,4782.04785156
32770,4489.19970703
32771,4775.34667969
32772,8373.86816406
32773,4530.44140625
32774,7153.65332031
32775,14801.8867188
32776,6867.69042969
32777,5356.01269531
32778,4563.15576172
32779,4000.87255859
32780,5713.12109375
32781,3292.24121094
32782,5215.59960938
32783,9271.43945312
32784,4622.94970703
32785,11718.3007812
32786,12193.7929688
32787,4706.89648438
32788,5736.26806641
32789,5509.3203125
32790,5869.23193359
32791,4877.68701172
32792,10445.6796875
32793,6193.84472656
32794,8122.04736328
32795,4007.70214844
32796,6896.66503906
32797,4563.12060547
32798,8667.32226562
32799,5503.35888672
32800,5064.23828125
32801,5948.3828125
32802,5575.77929688
32803,7074.53564453
32804,9407.95996094
32805,5611.3125
32806,8538.55859375
32807,6058.65185547
32808,9302.63671875
32809,5102.52441406
32810,4817.72265625
32811,4456.24951172
32812,7497.51220703
32813,5566.69189453
32814,6622.1484375
32815,5669.62158203
32816,7949.26123047
32817,4185.76416016
32818,7654.30078125
32819,6150.49169922
32820,3605.44897461
32821,11789.9589844
32822,15487.4404297
32823,6177.36621094
32824,5833.31738281
32825,8100.75634766
32826,8764.88574219
32827,10453.8720703
32828,4688.453125
32829,6411.9453125
32830,5191.9921875
32831,7287.81152344
32832,3602.71582031
32833,5112.66748047
32834,4753.75927734
32835,5179.01367188
32836,7201.44482422
32837,4424.72363281
32838,3443.65380859
32839,6190.74365234
32840,3771.83056641
32841,4086.5793457
32842,5063.3203125
32843,4892.13134766
32844,8024.01220703
32845,8164.15039062
32846,6792.86230469
32847,5890.61132812
32848,5801.55517578
32849,10520.5585938
32850,6113.64355469
32851,4271.44824219
32852,4684.91210938
32853,10375.1044922
32854,4026.16381836
32855,6182.70654297
32856,3189.44604492
32857,4315.65136719
32858,5939.10742188
32859,6198.18847656
32860,4903.92822266
32861,8984.67480469
32862,8920.68457031
32863,11947.0615234
32864,5851.89160156
32865,8877.18554688
32866,2813.42358398
32867,4634.08447266
32868,5503.71044922
32869,3452.8215332
32870,7341.04199219
32871,4243.45507812
32872,4904.65380859
32873,7744.47998047
32874,9936.54882812
32875,7970.90673828
32876,4833.59423828
32877,4327.37109375
32878,13219.5556641
32879,7796.69384766
32880,5166.87060547
32881,4919.19189453
32882,6386.69970703
32883,7999.0859375
32884,3975.91455078
32885,5488.20410156
32886,6720.32958984
32887,6675.49462891
32888,12774.8291016
32889,5753.78662109
32890,10580.9355469
32891,6239.38330078
32892,4944.28417969
32893,2907.16210938
32894,5256.96533203
32895,5356.65136719
32896,5130.03857422
32897,6582.9140625
32898,4602.546875
32899,3685.49145508
32900,5953.96289062
32901,3257.81225586
32902,7444.51757812
32903,5746.74462891
32904,7256.01025391
32905,7390.13476562
32906,4344.87988281
32907,8348.32421875
32908,6406.14941406
32909,5113.46728516
32910,5544.72119141
32911,4551.2578125
32912,9521.73925781
32913,6328.81103516
32914,4161.40771484
32915,6191.40527344
32916,7292.53271484
32917,6124.55224609
32918,5386.75878906
32919,7665.19433594
32920,5403.08691406
32921,5497.94433594
32922,5244.47900391
32923,7487.07177734
32924,5166.87060547
32925,5750.42333984
32926,4644.66113281
32927,5033.32568359
32928,4439.64746094
32929,4431.65087891
32930,7665.80810547
32931,8727.84667969
32932,9655.04589844
32933,9596.90332031
32934,7380.19580078
32935,9005.02441406
32936,5085.31884766
32937,10144.6367188
32938,9713.43066406
32939,5960.25292969
32940,7422.29003906
32941,7326.13623047
32942,5097.32421875
32943,3602.54711914
32944,10342.5107422
32945,5823.19921875
32946,5943.44287109
32947,5477.95361328
32948,2013.59387207
32949,9361.54980469
32950,6317.49707031
32951,4094.07861328
32952,4351.67382812
32953,4675.37646484
32954,6164.15234375
32955,6241.27636719
32956,6219.82861328
32957,5594.80322266
32958,3978.57788086
32959,3268.43041992
32960,2953.60107422
32961,6205.51220703
32962,15809.078125
32963,3870.40893555
32964,5200.96386719
32965,5686.89892578
32966,4588.05126953
32967,4638.19726562
32968,4623.64648438
32969,3497.47875977
32970,6765.58154297
32971,5970.27832031
32972,3357.39599609
32973,7857.09570312
32974,4053.55541992
32975,4489.78222656
32976,11950.4003906
32977,7033.72900391
32978,9605.63964844
32979,4412.59326172
32980,5623.02441406
32981,4169.75976562
32982,4594.89208984
32983,13570.9414062
32984,9454.96191406
32985,6057.796875
32986,4557.08789062
32987,4418.65429688
32988,5162.47607422
32989,3752.90917969
32990,9691.36035156
32991,5003.89013672
32992,5225.06542969
32993,6253.83203125
32994,4031.60546875
32995,5606.54541016
32996,5689.34619141
32997,6522.36474609
32998,6124.72705078
32999,3374.16577148
33000,5278.8984375
33001,5346.5390625
33002,8150.47314453
33003,7419.59326172
33004,6274.73291016
33005,3757.98901367
33006,7667.56347656
33007,4952.02929688
33008,4352.95263672
33009,5968.71240234
33010,6395.54492188
33011,5432.99365234
33012,5906.75292969
33013,5781.62988281
33014,5900.37304688
33015,5104.70996094
33016,6545.11083984
33017,6058.00439453
33018,4745.66748047
33019,8661.46289062
33020,5333.65185547
33021,3786.4597168
33022,10399.7441406
33023,5041.20556641
33024,2831.77758789
33025,6703.67138672
33026,7984.41308594
33027,8684.81542969
33028,4806.87109375
33029,5163.28417969
33030,5550.42041016
33031,6469.33447266
33032,5158.93164062
33033,7205.34033203
33034,2661.62792969
33035,5070.62792969
33036,5179.95751953
33037,4716.10058594
33038,4250.99853516
33039,6080.47216797
33040,6511.69189453
33041,5695.64404297
33042,7030.22753906
33043,5510.90234375
33044,7578.95214844
33045,4508.89404297
33046,6062.50195312
33047,5761.24462891
33048,7159.21630859
33049,7334.89013672
33050,2797.62304688
33051,7541.61376953
33052,6154.37109375
33053,6532.03271484
33054,5005.43701172
33055,3648.82006836
33056,7129.49951172
33057,4637.51123047
33058,7523.33642578
33059,5937.62939453
33060,4870.40185547
33061,6563.65380859
33062,5419.9140625
33063,4273.95068359
33064,6774.93896484
33065,4421.0703125
33066,8288.92089844
33067,9176.18164062
33068,6504.97460938
33069,4098.75976562
33070,4487.52978516
33071,3925.66699219
33072,2752.14013672
33073,7282.86425781
33074,4856.07226562
33075,8061.60107422
33076,3739.89355469
33077,4954.33007812
33078,5581.19042969
33079,7807.78271484
33080,4562.66796875
33081,4842.46826172
33082,4169.81982422
33083,6866.00048828
33084,5474.56835938
33085,6194.77246094
33086,6843.16992188
33087,7722.77197266
33088,6871.81835938
33089,6484.4453125
33090,5497.14208984
33091,4216.53808594
33092,4800.37402344
33093,9908.84667969
33094,7641.01855469
33095,10393.1201172
33096,13576.9609375
33097,4189.17578125
33098,4470.79833984
33099,5426.08496094
33100,7617.61572266
33101,8737.56640625
33102,6335.79931641
33103,7291.42724609
33104,7010.81494141
33105,6508.25146484
33106,5603.58398438
33107,4479.35302734
33108,4177.35205078
33109,4412.8203125
33110,3240.60913086
33111,4184.07177734
33112,6944.75976562
33113,14971.9794922
33114,5870.07714844
33115,4621.76806641
33116,6146.82617188
33117,3369.55322266
33118,5846.31787109
33119,3760.09765625
33120,8979.33691406
33121,6024.82421875
33122,5869.3828125
33123,11933.5888672
33124,10742.7177734
33125,4358.46191406
33126,6701.19726562
33127,3782.09887695
33128,5115.84814453
33129,5214.23681641
33130,7663.36669922
33131,4130.84375
33132,4257.31298828
33133,5071.48876953
33134,5101.37548828
33135,5582.84130859
33136,5900.32275391
33137,4134.53369141
33138,6589.57324219
33139,7385.54736328
33140,5760.32666016
33141,3964.38256836
33142,3234.61132812
33143,7026.88916016
33144,4213.94384766
33145,8941.09375
33146,4002.09399414
33147,5778.63574219
33148,5690.44775391
33149,4911.09521484
33150,4358.58642578
33151,5240.82861328
33152,5736.35009766
33153,8815.0625
33154,8055.53662109
33155,5150.18994141
33156,4061.22998047
33157,5536.77246094
33158,5199.3125
33159,4558.23095703
33160,5028.92480469
33161,5295.34423828
33162,10858.2128906
33163,6881.87988281
33164,5425.21044922
33165,6737.75488281
33166,3993.40673828
33167,8295.88183594
33168,5152.47998047
33169,10924.5488281
33170,5395.46435547
33171,4543.17285156
33172,4559.02246094
33173,3705.64550781
33174,6703.00634766
33175,19547.4179688
33176,3482.82617188
33177,4371.36914062
33178,8402.62988281
33179,5923.27294922
33180,5938.47314453
33181,7550.63916016
33182,5154.24902344
33183,4950.01318359
33184,4056.35546875
33185,9042.55761719
33186,5218.0625
33187,6700.41162109
33188,7534.99853516
33189,4698.84863281
33190,7766.36816406
33191,5683.97558594
33192,3735.29418945
33193,8329.28417969
33194,8953.55273438
33195,3814.56713867
33196,6471.95751953
33197,5937.80517578
33198,5300.54931641
33199,8513.94921875
33200,5947.84960938
33201,6862.11816406
33202,4329.45214844
33203,4102.671875
33204,6673.66113281
33205,3566.63964844
33206,7243.8671875
33207,3560.19458008
33208,5336.43066406
33209,4150.87744141
33210,5678.76269531
33211,5224.84130859
33212,5958.22363281
33213,6051.65771484
33214,8026.76806641
33215,5327.48925781
33216,7041.13867188
33217,5525.12402344
33218,6489.33300781
33219,9018.73339844
33220,6881.68359375
33221,3544.58276367
33222,5565.61425781
33223,6400.28027344
33224,3878.49560547
33225,11580.5292969
33226,4843.078125
33227,5651.43115234
33228,9458.91308594
33229,5681.27148438
33230,3432.4831543
33231,10995.7988281
33232,9373.57519531
33233,5595.56152344
33234,6990.21630859
33235,9093.94140625
33236,5647.53564453
33237,4797.02294922
33238,5808.98095703
33239,5073.47753906
33240,4807.86621094
33241,6162.74169922
33242,3895.18408203
33243,6431.796875
33244,5684.32324219
33245,6104.46582031
33246,6302.37841797
33247,5607.43359375
33248,6397.74169922
33249,5101.77490234
33250,6532.71240234
33251,6013.97851562
33252,5786.26367188
33253,5807.59033203
33254,5925.06982422
33255,8899.19238281
33256,4875.35205078
33257,4618.97363281
33258,5340.56054688
33259,6196.078125
33260,7273.46484375
33261,4065.05175781
33262,3614.47119141
33263,6439.93066406
33264,6714.25537109
33265,5147.734375
33266,6694.66162109
33267,5606.06396484
33268,5401.39160156
33269,4325.31201172
33270,2737.20678711
33271,6059.75585938
33272,5780.97900391
33273,5345.54980469
33274,8047.97216797
33275,7090.51855469
33276,4320.64404297
33277,7443.01220703
33278,3539.69995117
33279,2547.84521484
33280,6122.77050781
33281,11046.7695312
33282,6470.83398438
33283,6005.43798828
33284,3575.80029297
33285,5635.35839844
33286,6868.20117188
33287,4952.00585938
33288,7548.36376953
33289,4161.42724609
33290,4613.66308594
33291,4803.24121094
33292,4827.28173828
33293,4823.79296875
33294,3965.36987305
33295,4361.27734375
33296,3780.82568359
33297,6158.35791016
33298,5076.58105469
33299,4412.42041016
33300,5823.5546875
33301,6302.77490234
33302,4838.04052734
33303,4467.53710938
33304,8243.69726562
33305,6364.0234375
33306,5087.88574219
33307,3169.95385742
33308,9515.421875
33309,6069.78076172
33310,4769.11035156
33311,6984.24462891
33312,7062.95947266
33313,6078.88867188
33314,5331.47509766
33315,6651.578125
33316,7403.80810547
33317,10905.1240234
33318,3960.72753906
33319,4140.12207031
33320,4114.15820312
33321,5492.60839844
33322,5316.79833984
33323,6974.40576172
33324,7382.68798828
33325,5241.49316406
33326,3553.65283203
33327,5409.87304688
33328,11767.6806641
33329,4080.58032227
33330,6412.34863281
33331,3446.36523438
33332,6485.0390625
33333,6418.55957031
33334,6575.71630859
33335,7283.00976562
33336,5651.9921875
33337,3832.09545898
33338,5388.921875
33339,5963.625
33340,7644.70703125
33341,6336.89355469
33342,6888.56542969
33343,4818.11816406
33344,4065.31152344
33345,8616.55664062
33346,3860.33911133
33347,8905.88378906
33348,5491.79101562
33349,3937.17651367
33350,6470.87109375
33351,5571.92431641
33352,6709.37744141
33353,7510.90429688
33354,3667.90209961
33355,3943.7019043
33356,6059.25292969
33357,7337.75927734
33358,9359.6484375
33359,5254.18798828
33360,5506.97216797
33361,4823.84765625
33362,5699.17675781
33363,4221.33496094
33364,8961.45605469
33365,7922.36083984
33366,10980.5712891
33367,4277.63818359
33368,5117.95654297
33369,8707.21875
33370,9396.60742188
33371,4074.37280273
33372,9325.63574219
33373,6097.58203125
33374,4817.88378906
33375,4639.42285156
33376,4339.70214844
33377,5052.72558594
33378,4714.87695312
33379,4217.40283203
33380,4032.68261719
33381,6951.56640625
33382,5691.44140625
33383,22037.609375
33384,5855.15234375
33385,3654.67236328
33386,3612.75805664
33387,4032.11328125
33388,3002.29931641
33389,5016.44433594
33390,4164.79882812
33391,5736.14746094
33392,4806.59619141
33393,4231.14306641
33394,2978.74291992
33395,5669.15673828
33396,4269.27734375
33397,3749.79956055
33398,4987.85449219
33399,4504.74511719
33400,3409.27124023
33401,3681.97387695
33402,3608.48730469
33403,8834.9609375
33404,4854.60400391
33405,5759.90380859
33406,3422.78173828
33407,4286.79199219
33408,2511.80151367
33409,4237.58154297
33410,5070.65283203
33411,6732.78271484
33412,5633.52539062
33413,2546.40283203
33414,4106.28515625
33415,5376.49707031
33416,6171.91259766
33417,3847.20410156
33418,5008.43115234
33419,4644.26269531
33420,4492.2578125
33421,2352.23974609
33422,6461.02197266
33423,3856.43041992
33424,6208.96337891
33425,5456.36376953
33426,2558.33569336
33427,7187.03466797
33428,5021.46679688
33429,4068.09277344
33430,3616.46484375
33431,6667.61035156
33432,7330.61669922
33433,5491.4609375
33434,4891.00683594
33435,7646.97509766
33436,6549.61376953
33437,5457.79541016
33438,4126.75146484
33439,2282.43847656
33440,2658.73876953
33441,4232.81445312
33442,4195.70605469
33443,4215.640625
33444,6594.86767578
33445,4046.0222168
33446,7627.99121094
33447,7227.95898438
33448,3163.39282227
33449,2608.16308594
33450,10149.0488281
33451,3066.66088867
33452,4239.8984375
33453,5048.46240234
33454,3816.78393555
33455,5100.03808594
33456,2517.82714844
33457,4658.18505859
33458,3748.31176758
33459,4536.16210938
33460,7617.00537109
33461,6262.82177734
33462,4885.09960938
33463,3179.18481445
33464,5911.47070312
33465,9686.046875
33466,4435.24951172
33467,2774.9465332
33468,5914.34765625
33469,5182.05224609
33470,4929.1875
33471,8019.47509766
33472,2195.19628906
33473,6966.97900391
33474,3374.12719727
33475,5284.03710938
33476,4634.20800781
33477,2463.94946289
33478,4224.93994141
33479,4658.12207031
33480,6319.06982422
33481,5922.83789062
33482,3820.03295898
33483,4239.3359375
33484,6371.20263672
33485,5638.73486328
33486,4388.15527344
33487,4435.5078125
33488,4618.16357422
33489,5200.79052734
33490,4082.91650391
33491,2987.22021484
33492,5134.92480469
33493,4644.38671875
33494,6718.1953125
33495,5866.25976562
33496,5312.67236328
33497,3552.71728516
33498,4758.03222656
33499,2997.15112305
33500,3255.64990234
33501,4431.33398438
33502,6151.04882812
33503,4773.33398438
33504,7089.91699219
33505,6369.89013672
33506,4247.74365234
33507,4934.76708984
33508,6794.49511719
33509,4116.39990234
33510,2917.46557617
33511,4267.62402344
33512,4325.80712891
33513,4705.01123047
33514,2959.30419922
33515,3667.69946289
33516,6009.57519531
33517,5637.94433594
33518,5349.68652344
33519,2596.1340332
33520,5107.64208984
33521,5396.47363281
33522,2946.05932617
33523,4680.15039062
33524,3270.44189453
33525,4947.10058594
33526,3665.93652344
33527,3314.95703125
33528,3839.25585938
33529,4153.515625
33530,5794.14501953
33531,5987.92919922
33532,11983.1337891
33533,4384.45654297
33534,3722.28637695
33535,9625.70605469
33536,4662.49658203
33537,7056.63623047
33538,5547.72070312
33539,4671.03466797
33540,5697.25244141
33541,4413.64550781
33542,3975.15600586
33543,8032.42724609
33544,3292.54272461
33545,2800.43212891
33546,2621.30810547
33547,5767.67236328
33548,6114.78662109
33549,5535.78515625
33550,5055.59863281
33551,4205.02978516
33552,2060.7409668
33553,1774.77685547
33554,3159.73120117
33555,4054.76171875
33556,6512.43066406
33557,4006.2878418
33558,3785.46313477
33559,6769.75146484
33560,4427.43847656
33561,5930.29980469
33562,4432.62744141
33563,5371.82226562
33564,7945.33496094
33565,3506.12719727
33566,5414.74658203
33567,3478.35668945
33568,6021.72216797
33569,3017.43432617
33570,4751.45654297
33571,4343.91845703
33572,5718.57861328
33573,5277.63964844
33574,4877.22167969
33575,6069.81542969
33576,3644.40209961
33577,5796.41699219
33578,18496.2363281
33579,5916.81298828
33580,3208.77661133
33581,2955.56298828
33582,5465.44287109
33583,5901.39746094
33584,4074.4699707
33585,15423.9091797
33586,28454.9042969
33587,4587.37744141
33588,2655.53540039
33589,9063.88574219
33590,2799.56542969
33591,5283.60351562
33592,3067.50927734
33593,4577.21044922
33594,6757.29443359
33595,5460.20068359
33596,4944.60498047
33597,4096.48486328
33598,6088.7421875
33599,5008.51708984
33600,4916.39599609
33601,6018.60400391
33602,4910.11621094
33603,5179.20605469
33604,6284.82568359
33605,4459.72412109
33606,5541.84472656
33607,3837.84985352
33608,3331.65161133
33609,5394.00341797
33610,4097.11816406
33611,4693.49121094
33612,6004.02294922
33613,5248.93798828
33614,5293.33447266
33615,3555.23950195
33616,3372.29296875
33617,3757.94970703
33618,4615.04541016
33619,5531.29882812
33620,2771.94604492
33621,4697.72363281
33622,4910.97363281
33623,3097.30883789
33624,4722.51074219
33625,3808.05932617
33626,2935.02197266
33627,2257.33740234
33628,6167.59277344
33629,5300.34667969
33630,4057.76806641
33631,12788.2382812
33632,6198.49023438
33633,3213.05566406
33634,4884.18652344
33635,2303.4934082
33636,3565.46264648
33637,3786.48144531
33638,3094.06323242
33639,7929.52001953
33640,3878.59912109
33641,7680.70947266
33642,11146.6787109
33643,4867.94482422
33644,4019.19506836
33645,3949.7331543
33646,4281.81445312
33647,4461.80908203
33648,8224.54980469
33649,4662.82128906
33650,5609.30566406
33651,3120.23046875
33652,4537.53808594
33653,4140.77734375
33654,5266.41552734
33655,5921.09228516
33656,4852.77050781
33657,5770.86425781
33658,8077.67919922
33659,5574.50292969
33660,5304.0390625
33661,5812.79443359
33662,7326.98193359
33663,5770.5390625
33664,6851.89599609
33665,3030.97680664
33666,5386.08056641
33667,4131.26513672
33668,5305.77441406
33669,6418.74316406
33670,6763.78173828
33671,5094.30078125
33672,4482.43457031
33673,4301.06201172
33674,5463.19140625
33675,5707.22753906
33676,2823.26049805
33677,11819.9404297
33678,16402.6699219
33679,6128.42626953
33680,5512.11669922
33681,5962.57324219
33682,6715.05615234
33683,7392.79248047
33684,2365.61499023
33685,3596.01342773
33686,4593.56884766
33687,6594.94287109
33688,2431.47705078
33689,3822.32202148
33690,4877.74755859
33691,4586.17382812
33692,4198.04394531
33693,2874.31469727
33694,2784.80541992
33695,6140.41552734
33696,4101.16113281
33697,3569.44433594
33698,4649.27539062
33699,4322.41650391
33700,5845.25830078
33701,7738.078125
33702,3965.1730957
33703,6114.05761719
33704,5656.17675781
33705,10181.6357422
33706,3762.48730469
33707,2585.93725586
33708,3877.35253906
33709,8421.90234375
33710,3617.84838867
33711,5737.88183594
33712,1966.90283203
33713,3334.56103516
33714,4796.00732422
33715,6190.21875
33716,4267.28222656
33717,6449.31103516
33718,6026.21533203
33719,8978.76367188
33720,1915.28100586
33721,6425.60400391
33722,1851.68701172
33723,3247.84521484
33724,5669.38330078
33725,4510.6875
33726,9661.67871094
33727,2423.9296875
33728,3788.20825195
33729,2970.46240234
33730,8146.69580078
33731,6619.54003906
33732,4568.6953125
33733,2624.53222656
33734,6969.28515625
33735,7429.96826172
33736,3979.89135742
33737,4091.76708984
33738,7258.86914062
33739,4809.52246094
33740,3242.77392578
33741,4012.94677734
33742,6889.02587891
33743,3556.1418457
33744,10905.1650391
33745,7048.89990234
33746,10460.1259766
33747,6077.9609375
33748,3962.10302734
33749,2063.23657227
33750,5818.3359375
33751,5365.13964844
33752,4011.94018555
33753,6393.88574219
33754,4235.6171875
33755,2640.73608398
33756,5721.67773438
33757,3071.83764648
33758,6627.79101562
33759,6406.10693359
33760,7084.11035156
33761,4941.91748047
33762,3897.15380859
33763,5668.77294922
33764,5997.87011719
33765,4835.50292969
33766,5879.21044922
33767,2927.22607422
33768,8975.99707031
33769,6279.71435547
33770,3272.90136719
33771,4162.69824219
33772,5281.22509766
33773,4877.31933594
33774,3517.57104492
33775,3235.00634766
33776,4598.07958984
33777,7308.39501953
33778,4179.49267578
33779,5845.97802734
33780,3694.10449219
33781,2780.39477539
33782,4879.60888672
33783,4876.51416016
33784,3247.20068359
33785,4276.85839844
33786,6756.88183594
33787,2553.42114258
33788,8836.31640625
33789,6643.41162109
33790,6233.69677734
33791,6580.453125
33792,3899.5300293
33793,9002.80859375
33794,4702.38183594
33795,6029.33691406
33796,3823.32128906
33797,3337.51123047
33798,4466.36523438
33799,2244.5012207
33800,10524.0605469
33801,5872.74853516
33802,5022.58251953
33803,4615.78955078
33804,1199.50073242
33805,6363.45947266
33806,5117.37597656
33807,3289.66992188
33808,3347.70874023
33809,4708.80078125
33810,4944.95898438
33811,3765.92016602
33812,8633.08300781
33813,4645.71972656
33814,3359.5456543
33815,3190.02416992
33816,2602.49731445
33817,4292.11914062
33818,18612.4609375
33819,3508.23510742
33820,4999.01904297
33821,4644.10302734
33822,3595.51928711
33823,3158.06152344
33824,4633.50097656
33825,2541.37280273
33826,9128.4765625
33827,5243.11376953
33828,2601.49169922
33829,6104.16357422
33830,2283.04394531
33831,3451.45166016
33832,6882.95019531
33833,4937.90283203
33834,8340.16699219
33835,2190.21191406
33836,4139.51367188
33837,3464.93774414
33838,3722.08398438
33839,14380.6699219
33840,8254.37402344
33841,3667.71679688
33842,2916.73779297
33843,4693.44677734
33844,3767.33935547
33845,2314.57910156
33846,6165.29882812
33847,4576.28515625
33848,4923.91455078
33849,5754.99951172
33850,4462.42626953
33851,4533.11669922
33852,5210.76123047
33853,6481.94677734
33854,6662.46142578
33855,2690.09179688
33856,5367.96533203
33857,5791.24414062
33858,7085.35351562
33859,3317.41821289
33860,6307.03857422
33861,2217.40527344
33862,7452.69482422
33863,4267.02978516
33864,2803.45019531
33865,3808.25195312
33866,3589.74121094
33867,4284.91113281
33868,5763.04150391
33869,3429.69116211
33870,5394.08056641
33871,4336.89648438
33872,6095.43017578
33873,7267.34130859
33874,4892.15917969
33875,5433.83886719
33876,5393.87988281
33877,2356.45141602
33878,9024.58496094
33879,3172.9765625
33880,3155.50488281
33881,4578.74316406
33882,6638.11621094
33883,8587.93945312
33884,4137.81640625
33885,3325.22509766
33886,5712.30908203
33887,5870.40771484
33888,3787.18945312
33889,6273.34423828
33890,2829.13256836
33891,4169.58496094
33892,3588.97436523
33893,3047.47705078
33894,2881.90405273
33895,5711.96044922
33896,4481.03662109
33897,5674.93994141
33898,5319.8828125
33899,6681.55908203
33900,4617.84179688
33901,3937.36816406
33902,4797.67285156
33903,4508.88085938
33904,6156.57861328
33905,4697.44628906
33906,2020.45861816
33907,12187.3867188
33908,6267.94970703
33909,5032.79248047
33910,5142.64453125
33911,3124.42138672
33912,8681.32910156
33913,2981.28710938
33914,5737.58642578
33915,4311.91552734
33916,4249.28759766
33917,5950.04541016
33918,3823.01489258
33919,4015.56225586
33920,6455.95800781
33921,2629.52612305
33922,5959.59912109
33923,7983.07275391
33924,4971.08789062
33925,2499.05395508
33926,4522.33251953
33927,3791.25219727
33928,2154.46606445
33929,4141.59912109
33930,5624.26904297
33931,3386.83618164
33932,4411.54101562
33933,4785.84423828
33934,4432.25976562
33935,8451.5546875
33936,4856.94775391
33937,5205.7734375
33938,3736.50585938
33939,4704.71923828
33940,5312.27148438
33941,4588.76025391
33942,5977.80029297
33943,6907.25048828
33944,6997.640625
33945,5181.80029297
33946,3709.02636719
33947,2607.95654297
33948,4551.91357422
33949,7466.95361328
33950,4558.79199219
33951,5118.38134766
33952,14598.2216797
33953,2839.43334961
33954,3888.05249023
33955,3933.11499023
33956,5129.48632812
33957,6353.98535156
33958,7383.25878906
33959,5964.43847656
33960,5645.92480469
33961,6354.94921875
33962,5768.13427734
33963,4484.62841797
33964,2032.02661133
33965,4240.71533203
33966,2990.8815918
33967,2887.08691406
33968,3914.1652832
33969,14836.1035156
33970,4576.18457031
33971,2427.421875
33972,4283.28076172
33973,4027.33129883
33974,4038.87280273
33975,2188.47631836
33976,3747.94360352
33977,6082.13085938
33978,2831.50097656
33979,10116.2578125
33980,10937.8837891
33981,2915.45532227
33982,4488.90429688
33983,3783.46289062
33984,3817.8034668
33985,3814.53442383
33986,5882.02685547
33987,3416.79858398
33988,4302.95800781
33989,4518.94726562
33990,4677.87890625
33991,4111.67089844
33992,6651.140625
33993,3185.11035156
33994,6979.98974609
33995,5680.328125
33996,3979.35229492
33997,2641.12768555
33998,3325.94189453
33999,3964.45849609
34000,4195.43408203
34001,6259.34033203
34002,3661.48388672
34003,2579.89990234
34004,5594.36035156
34005,4255.69677734
34006,4230.86474609
34007,3940.49072266
34008,5850.28466797
34009,7686.05908203
34010,3940.79516602
34011,5027.13574219
34012,3466.37915039
34013,4198.20019531
34014,5472.31835938
34015,3486.98803711
34016,4278.17675781
34017,4344.09228516
34018,9298.63574219
34019,6721.23339844
34020,2925.50634766
34021,4588.74267578
34022,4554.46289062
34023,3474.13208008
34024,5287.83349609
34025,8938.09179688
34026,6330.98535156
34027,4219.61621094
34028,3605.90649414
34029,1921.9621582
34030,3323.67749023
34031,20948.9804688
34032,2135.5222168
34033,4364.94384766
34034,4086.04125977
34035,5775.12597656
34036,4810.69189453
34037,6206.89111328
34038,5452.44628906
34039,4636.7109375
34040,2845.52929688
34041,5903.48095703
34042,3849.86938477
34043,5715.49755859
34044,7236.89941406
34045,3860.85839844
34046,6598.03857422
34047,5692.35839844
34048,3621.57421875
34049,4454.24414062
34050,3036.20019531
34051,2642.3815918
34052,7252.73730469
34053,5780.05810547
34054,2537.93725586
34055,6584.92382812
34056,7226.27050781
34057,3297.65063477
34058,4362.78759766
34059,2807.25463867
34060,4250.56054688
34061,3350.15893555
34062,5396.23144531
34063,2355.68383789
34064,4940.31005859
34065,2587.66601562
34066,4941.25732422
34067,5419.43847656
34068,3426.21191406
34069,5340.87646484
34070,6437.21630859
34071,5347.58496094
34072,6451.97509766
34073,4949.32373047
34074,4386.94189453
34075,5712.74511719
34076,6229.09033203
34077,4347.74072266
34078,5157.27392578
34079,4152.86572266
34080,3628.31738281
34081,9737.94628906
34082,5011.85253906
34083,4810.33886719
34084,7923.01074219
34085,5944.83203125
34086,2086.71362305
34087,8418.38476562
34088,6304.50634766
34089,5660.23583984
34090,5779.6171875
34091,5249.88476562
34092,7374.23583984
34093,4805.94042969
34094,4112.56884766
34095,3281.76806641
34096,5060.01806641
34097,6442.49902344
34098,2313.79638672
34099,8379.65234375
34100,5619.06787109
34101,5403.08154297
34102,5613.18603516
34103,3793.98730469
34104,6174.03759766
34105,3190.01220703
34106,4304.25537109
34107,4265.49169922
34108,2579.42382812
34109,5079.38037109
34110,6113.4453125
34111,5607.37988281
34112,5271.44140625
34113,3812.71191406
34114,5326.12792969
34115,5480.30517578
34116,7914.00048828
34117,2567.93847656
34118,2738.95166016
34119,6906.42724609
34120,10248.6171875
34121,3802.37841797
34122,5950.67578125
34123,6176.97753906
34124,5106.37548828
34125,3220.85083008
34126,1429.03405762
34127,6586.67626953
34128,4973.96240234
34129,4938.91552734
34130,8534.28320312
34131,4573.87597656
34132,3147.72094727
34133,3053.83886719
34134,3035.47070312
34135,890.087524414
34136,5213.35644531
34137,9544.49804688
34138,4405.97705078
34139,4341.87207031
34140,2781.91625977
34141,4630.14306641
34142,7057.2421875
34143,5400.49511719
34144,7339.41796875
34145,3583.63037109
34146,4089.10644531
34147,3187.29882812
34148,5447.03515625
34149,3093.41674805
34150,2414.421875
34151,3915.68505859
34152,3727.49902344
34153,5301.10498047
34154,3619.41552734
34155,3761.66918945
34156,5208.12255859
34157,6473.77246094
34158,4597.47900391
34159,3244.30249023
34160,5827.46679688
34161,5451.31787109
34162,5420.06396484
34163,1933.32885742
34164,4603.63134766
34165,4784.20068359
34166,3562.6340332
34167,4790.26025391
34168,6645.42041016
34169,4888.26953125
34170,5920.25097656
34171,4944.98242188
34172,5684.81103516
34173,9747.07128906
34174,3091.49926758
34175,2670.88305664
34176,3621.7746582
34177,4634.41162109
34178,4930.42871094
34179,6127.16992188
34180,4195.59033203
34181,5520.91455078
34182,2606.70166016
34183,5614.953125
34184,4813.86865234
34185,3336.90649414
34186,5604.4765625
34187,2992.34008789
34188,5761.43701172
34189,5036.77392578
34190,4558.37890625
34191,4546.38525391
34192,3090.29614258
34193,4579.27197266
34194,6163.08251953
34195,3755.39453125
34196,7029.30859375
34197,4143.55126953
34198,7427.21240234
34199,4903.84423828
34200,3494.86743164
34201,5596.18554688
34202,2770.59887695
34203,8044.54882812
34204,4926.49853516
34205,4055.56640625
34206,6280.37304688
34207,3913.61645508
34208,3830.62597656
34209,4888.59570312
34210,2823.14990234
34211,2722.29370117
34212,5669.26464844
34213,3703.48291016
34214,6634.63427734
34215,4980.25732422
34216,5018.29638672
34217,3251.80737305
34218,5239.84375
34219,2630.60620117
34220,8898.56445312
34221,4561.68017578
34222,11504.2402344
34223,5176.34667969
34224,4480.99414062
34225,12399.8984375
34226,5985.34228516
34227,2816.57250977
34228,7721.52685547
34229,5696.69335938
34230,5010.18017578
34231,5371.796875
34232,4701.11767578
34233,2730.62255859
34234,4314.27685547
34235,2790.43945312
34236,2653.14013672
34237,5415.45947266
34238,5269.29003906
34239,23203.5332031
34240,6394.67236328
34241,4173.96240234
34242,4045.10351562
34243,7237.85888672
34244,3302.43261719
34245,6087.31347656
34246,4801.46386719
34247,5785.59619141
34248,6038.57421875
34249,4774.25390625
34250,3202.28735352
34251,6159.67382812
34252,5443.08789062
34253,4490.57470703
34254,5567.6796875
34255,5327.81982422
34256,3445.74731445
34257,4343.77734375
34258,7258.14892578
34259,7744.62011719
34260,6446.68505859
34261,7017.3984375
34262,3484.04882812
34263,5754.80175781
34264,2511.59667969
34265,7829.16992188
34266,7975.47753906
34267,9492.26171875
34268,5968.67822266
34269,2751.41015625
34270,4546.17724609
34271,6262.86962891
34272,7489.48583984
34273,4075.21240234
34274,5551.60107422
34275,4774.76416016
34276,5617.12255859
34277,2314.44995117
34278,8040.56054688
34279,4157.66210938
34280,7987.20849609
34281,6474.828125
34282,3685.82568359
34283,8281.61132812
34284,6511.30664062
34285,4727.49560547
34286,3609.23071289
34287,8163.48876953
34288,10494.5615234
34289,6214.66943359
34290,5577.97558594
34291,8786.18652344
34292,7380.20996094
34293,5708.59472656
34294,6473.53173828
34295,2307.61010742
34296,2815.97607422
34297,4409.08398438
34298,6556.82080078
34299,8301.82617188
34300,7264.52734375
34301,4218.22314453
34302,8339.38671875
34303,8351.07226562
34304,5172.47216797
34305,2739.60131836
34306,10339.0
34307,3199.86889648
34308,4491.93652344
34309,6826.32470703
34310,3955.76220703
34311,5607.17138672
34312,2882.18847656
34313,5765.35644531
34314,5401.66943359
34315,6006.95556641
34316,8560.37890625
34317,7329.27441406
34318,5176.75195312
34319,3469.40283203
34320,7327.17773438
34321,12697.7060547
34322,5588.16845703
34323,3541.82128906
34324,6469.40820312
34325,5621.88232422
34326,6710.22216797
34327,9741.56054688
34328,2098.40161133
34329,7845.71972656
34330,4798.36865234
34331,5596.79980469
34332,8786.74804688
34333,2442.63061523
34334,4316.64794922
34335,4896.38867188
34336,7287.41552734
34337,6922.05078125
34338,3988.7734375
34339,4370.4140625
34340,7424.47802734
34341,6399.48681641
34342,5248.49755859
34343,6042.90136719
34344,4714.77392578
34345,5968.359375
34346,4508.13671875
34347,3009.51977539
34348,5318.07666016
34349,6150.99023438
34350,6326.43945312
34351,7193.31689453
34352,8014.61962891
34353,4123.42285156
34354,8170.18847656
34355,3146.86230469
34356,3517.06787109
34357,7662.03613281
34358,6661.76855469
34359,7104.77587891
34360,9986.16210938
34361,6785.81005859
34362,5328.23144531
34363,6798.30664062
34364,7302.32617188
34365,4292.52050781
34366,2902.39990234
34367,5180.02636719
34368,4896.36572266
34369,4938.29833984
34370,3084.71166992
34371,5300.95849609
34372,6622.86816406
34373,6504.54052734
34374,5789.26171875
34375,2662.03808594
34376,6016.68701172
34377,6754.91015625
34378,3521.48583984
34379,5265.70703125
34380,3350.19750977
34381,5538.64794922
34382,3722.47802734
34383,4413.97412109
34384,4954.00439453
34385,6933.20458984
34386,6519.79589844
34387,6519.21728516
34388,14699.1054688
34389,4221.61230469
34390,5271.69287109
34391,9763.3359375
34392,5244.34863281
34393,8102.79589844
34394,6019.83251953
34395,5570.06982422
34396,6412.12207031
34397,4692.08105469
34398,4742.84814453
34399,7939.22167969
34400,5908.91699219
34401,2901.45166016
34402,3580.58935547
34403,7465.13037109
34404,9357.82714844
34405,6342.49316406
34406,6112.71044922
34407,4351.53662109
34408,2123.0612793
34409,1703.46679688
34410,3293.39086914
34411,5867.06542969
34412,7571.17041016
34413,4741.00683594
34414,4178.02587891
34415,7941.02392578
34416,7937.30615234
34417,7275.86523438
34418,5565.640625
34419,8086.93017578
34420,8855.89941406
34421,3671.61303711
34422,5125.19677734
34423,5096.73095703
34424,6491.85888672
34425,3150.95654297
34426,5328.20117188
34427,4491.92382812
34428,8505.6953125
34429,5826.41650391
34430,7084.65771484
34431,7077.14746094
34432,4881.14990234
34433,7957.78027344
34434,16124.5332031
34435,8863.37792969
34436,3798.18066406
34437,3368.15844727
34438,6496.23242188
34439,6871.22216797
34440,4674.60498047
34441,8823.54980469
34442,17472.6933594
34443,5329.53320312
34444,2695.17553711
34445,10649.2734375
34446,3126.96801758
34447,4949.81445312
34448,3501.06030273
34449,6310.72167969
34450,4170.2890625
34451,6387.57080078
34452,5557.73632812
34453,5460.58154297
34454,9344.12890625
34455,6131.49023438
34456,6349.44189453
34457,7405.87011719
34458,5532.50683594
34459,6143.21582031
34460,8987.85351562
34461,5059.33300781
34462,5897.14355469
34463,4112.35742188
34464,3368.66308594
34465,5958.04736328
34466,4546.68017578
34467,4996.84472656
34468,8133.90039062
34469,9780.55957031
34470,6934.83105469
34471,4357.52246094
34472,4033.32885742
34473,4710.20214844
34474,4933.03027344
34475,6554.30712891
34476,2901.48339844
34477,7079.95605469
34478,5624.01171875
34479,8245.87597656
34480,5249.50439453
34481,4276.99755859
34482,3194.09863281
34483,2781.60595703
34484,8478.60253906
34485,5852.98535156
34486,5672.09326172
34487,11778.8095703
34488,7850.63818359
34489,4271.89257812
34490,5852.9296875
34491,2354.09887695
34492,3924.00854492
34493,4148.91455078
34494,3561.20678711
34495,8205.00097656
34496,4641.58300781
34497,8253.01171875
34498,10011.0615234
34499,5914.65185547
34500,5253.11523438
34501,4625.8125
34502,5283.64892578
34503,4544.68994141
34504,11311.1328125
34505,5907.22119141
34506,6977.14697266
34507,3100.83300781
34508,5788.37792969
34509,5680.54492188
34510,8648.01660156
34511,6616.98974609
34512,5422.8046875
34513,6780.89941406
34514,4881.14013672
34515,8206.80175781
34516,6865.77783203
34517,7386.34326172
34518,8405.30761719
34519,7152.40478516
34520,7912.25683594
34521,3613.140625
34522,5596.75195312
34523,4969.80810547
34524,8833.58691406
34525,7442.84912109
34526,7181.74462891
34527,5798.203125
34528,8036.68066406
34529,5240.84863281
34530,6662.13720703
34531,6189.36816406
34532,2952.42944336
34533,12238.5810547
34534,15508.3271484
34535,7030.80419922
34536,6282.99121094
34537,6950.53857422
34538,7678.24072266
34539,7662.59179688
34540,2623.64501953
34541,4194.59814453
34542,5809.57373047
34543,8495.40722656
34544,2424.67114258
34545,4129.37792969
34546,5392.74804688
34547,5111.88769531
34548,4673.26757812
34549,3028.51708984
34550,2887.07177734
34551,7770.93261719
34552,4180.69628906
34553,4694.296875
34554,5248.57763672
34555,4773.59814453
34556,9068.26074219
34557,11511.1435547
34558,4892.89257812
34559,7176.41748047
34560,6540.84277344
34561,10157.2314453
34562,4856.46582031
34563,2696.06152344
34564,5238.04492188
34565,13295.0019531
34566,4187.92089844
34567,6815.18066406
34568,1975.42553711
34569,3552.54785156
34570,5920.45410156
34571,6623.22216797
34572,5549.29248047
34573,9441.2734375
34574,8646.65527344
34575,7668.36816406
34576,4165.56982422
34577,11164.0419922
34578,1850.87097168
34579,3576.59863281
34580,6191.25732422
34581,4828.17480469
34582,9629.99414062
34583,2505.28930664
34584,4814.24023438
34585,5246.22021484
34586,7343.31787109
34587,9600.80371094
34588,5010.20898438
34589,3237.02539062
34590,10306.3037109
34591,10900.0283203
34592,4409.94238281
34593,5852.92431641
34594,8645.43457031
34595,5694.73730469
34596,4810.24707031
34597,3461.73291016
34598,7508.11083984
34599,4265.93945312
34600,11885.3486328
34601,7913.49462891
34602,11275.0283203
34603,6927.55908203
34604,4507.27685547
34605,2040.98034668
34606,5853.16455078
34607,6027.11816406
34608,5059.55957031
34609,9503.90136719
34610,5785.72851562
34611,2564.89379883
34612,6956.49414062
34613,3559.10473633
34614,8844.875
34615,7142.36962891
34616,6715.78027344
34617,7801.97607422
34618,4593.08691406
34619,6789.00146484
34620,7354.59619141
34621,5108.49951172
34622,7064.48828125
34623,3301.31738281
34624,8441.87011719
34625,5981.42773438
34626,3456.55224609
34627,4788.52880859
34628,8228.19824219
34629,5906.54492188
34630,3843.55419922
34631,5011.92919922
34632,5310.50830078
34633,5174.19921875
34634,4882.77001953
34635,9638.98144531
34636,3988.19140625
34637,3691.37084961
34638,6070.96191406
34639,5626.109375
34640,3616.44750977
34641,5127.37744141
34642,8930.38085938
34643,7307.28662109
34644,10018.2148438
34645,8448.76660156
34646,7691.63232422
34647,7849.45507812
34648,4431.80322266
34649,9650.09277344
34650,7794.49316406
34651,6612.75
34652,5113.50634766
34653,5219.08300781
34654,4801.51855469
34655,2201.76708984
34656,12091.2910156
34657,6690.83837891
34658,5573.42333984
34659,4871.56787109
34660,1212.67211914
34661,7955.60986328
34662,6157.10107422
34663,3929.63110352
34664,3621.12841797
34665,5472.12548828
34666,5146.87988281
34667,4112.26318359
34668,9670.3359375
34669,4809.01318359
34670,4421.14599609
34671,3290.09985352
34672,2505.50097656
34673,4802.95263672
34674,12513.2851562
34675,3539.30151367
34676,6049.19921875
34677,5023.48339844
34678,3764.7668457
34679,3130.38256836
34680,5683.69384766
34681,2496.77807617
34682,9659.4765625
34683,6005.67822266
34684,2643.99926758
34685,8426.828125
34686,2398.96411133
34687,3906.41015625
34688,10573.3583984
34689,7355.68359375
34690,8330.11816406
34691,2237.59521484
34692,4604.73779297
34693,4460.11572266
34694,3922.45166016
34695,14793.0664062
34696,11474.7294922
34697,5317.67089844
34698,3016.96508789
34699,5833.11669922
34700,4557.38769531
34701,2282.93383789
34702,7553.19677734
34703,4655.44873047
34704,5503.89990234
34705,7287.84619141
34706,5042.29248047
34707,4671.89013672
34708,5500.79785156
34709,6759.92480469
34710,7131.70263672
34711,2670.28051758
34712,5816.72119141
34713,6246.32080078
34714,7511.74902344
34715,5653.27539062
34716,7359.78222656
34717,2470.81958008
34718,9272.8359375
34719,4499.21386719
34720,2934.02807617
34721,4273.94287109
34722,4343.52880859
34723,4387.89599609
34724,6580.13964844
34725,3620.61743164
34726,5510.01953125
34727,4769.83837891
34728,7318.85888672
34729,8136.38378906
34730,4984.08300781
34731,7902.67089844
34732,6266.19775391
34733,2407.61743164
34734,10936.7675781
34735,3450.58935547
34736,2940.92333984
34737,5625.75537109
34738,9845.75683594
34739,9309.65722656
34740,4248.96337891
34741,4634.86230469
34742,6601.1484375
34743,6466.07128906
34744,4503.16845703
34745,8086.45947266
34746,2922.1340332
34747,4312.08837891
34748,3819.94555664
34749,3203.91943359
34750,2871.57128906
34751,6760.79541016
34752,6272.60839844
34753,6151.76513672
34754,4818.47607422
34755,7784.70849609
34756,7606.05761719
34757,4850.66943359
34758,5253.10009766
34759,5604.25732422
34760,7453.51904297
34761,4963.49267578
34762,1964.63037109
34763,6089.16064453
34764,6180.67236328
34765,5825.27685547
34766,5388.08935547
34767,3155.66137695
34768,9786.83886719
34769,2875.65454102
34770,8465.01171875
34771,4930.84277344
34772,4195.99023438
34773,7606.70361328
34774,3671.984375
34775,4230.16259766
34776,8810.77539062
34777,2569.99243164
34778,6681.55908203
34779,9267.23144531
34780,6640.04785156
34781,2427.71142578
34782,4847.66308594
34783,3920.55126953
34784,2103.90771484
34785,4739.23974609
34786,6544.59912109
34787,5000.62158203
34788,4613.30664062
34789,5018.93359375
34790,4627.32617188
34791,8783.10351562
34792,5571.91357422
34793,5780.82470703
34794,3979.6105957
34795,5466.44970703
34796,6042.42333984
34797,6373.23876953
34798,7791.54248047
34799,6897.03369141
34800,7957.17285156
34801,5364.6484375
34802,5407.63964844
34803,2751.33398438
34804,5704.46826172
34805,8372.11035156
34806,6461.24365234
34807,8195.60058594
34808,12983.0742188
34809,2953.25170898
34810,4652.05712891
34811,3705.28857422
34812,7921.81640625
34813,9626.33007812
34814,7981.58789062
34815,7179.87548828
34816,7329.07861328
34817,7418.48974609
34818,6514.83496094
34819,4986.34179688
34820,2023.24731445
34821,4860.8828125
34822,2897.88745117
34823,3140.52539062
34824,6568.56396484
34825,16084.5214844
34826,5442.66699219
34827,3134.74829102
34828,4613.07324219
34829,4245.14306641
34830,5890.77441406
34831,2227.31152344
34832,6611.22998047
34833,7050.01660156
34834,3764.65209961
34835,10849.7548828
34836,10317.40625
34837,3099.39550781
34838,5577.62451172
34839,3761.59008789
34840,3639.17041016
34841,4014.22949219
34842,8451.85351562
34843,3550.09155273
34844,4943.78417969
34845,4496.13378906
34846,5360.45898438
34847,4666.8125
34848,7317.74902344
34849,3373.00073242
34850,7778.65185547
34851,6488.20654297
34852,4628.26660156
34853,3861.12719727
34854,3749.50976562
34855,4902.83837891
34856,4639.69287109
34857,9258.91699219
34858,4267.86035156
34859,4046.51611328
34860,6869.22998047
34861,4722.30371094
34862,5639.21337891
34863,4733.24462891
34864,5856.83886719
34865,9721.08496094
34866,6944.48876953
34867,6190.34863281
34868,3664.72998047
34869,4698.41845703
34870,5774.06835938
34871,3448.82543945
34872,4387.97119141
34873,5049.58886719
34874,11352.6787109
34875,7888.52783203
34876,4436.60791016
34877,5226.25195312
34878,4793.55615234
34879,6410.37939453
34880,5497.93408203
34881,8518.328125
34882,6643.29736328
34883,4944.18554688
34884,3873.78491211
34885,1936.82128906
34886,3562.57250977
34887,20732.0742188
34888,2102.8527832
34889,4896.45410156
34890,5998.65332031
34891,6500.42822266
34892,5596.48486328
34893,8010.04931641
34894,5483.18652344
34895,5832.56054688
34896,2578.50708008
34897,7969.39404297
34898,4047.20336914
34899,6380.2578125
34900,8824.88769531
34901,4215.80126953
34902,8082.85839844
34903,6393.27587891
34904,3378.3527832
34905,6191.35791016
34906,7044.33007812
34907,2599.76489258
34908,8348.85058594
34909,6572.18603516
34910,4910.875
34911,8918.83007812
34912,8409.99023438
34913,6119.95654297
34914,4437.50537109
34915,3573.35205078
34916,5695.64404297
34917,3616.75463867
34918,6153.70703125
34919,2356.75830078
34920,5309.32861328
34921,2669.34179688
34922,5790.42138672
34923,5308.44189453
34924,4727.36962891
34925,5441.44726562
34926,8582.10058594
34927,5710.29394531
34928,6904.64208984
34929,5219.50634766
34930,5623.14794922
34931,9260.20703125
34932,7028.4375
34933,4356.03466797
34934,5410.64208984
34935,5127.97460938
34936,3811.07177734
34937,12509.3828125
34938,5805.80712891
34939,4628.30615234
34940,8374.59375
34941,6383.60546875
34942,2061.25219727
34943,11464.6328125
34944,8508.64941406
34945,6382.17480469
34946,7105.88720703
34947,6593.63476562
34948,8502.0625
34949,4847.5703125
34950,4011.94775391
34951,3368.86547852
34952,5774.28320312
34953,7560.26708984
34954,2488.8203125
34955,7529.19384766
34956,6729.00146484
34957,5038.39355469
34958,7096.08691406
34959,4693.39257812
34960,6765.77490234
34961,4234.32470703
34962,4881.86669922
34963,4765.65917969
34964,3988.73168945
34965,5855.68847656
34966,6812.20361328
34967,7907.79052734
34968,5845.49267578
34969,4146.7265625
34970,6053.49951172
34971,6753.39013672
34972,7306.29736328
34973,2993.88769531
34974,2644.16333008
34975,8182.98583984
34976,5873.01757812
34977,3935.92993164
34978,6877.28710938
34979,6929.52197266
34980,5619.27148438
34981,4680.32958984
34982,1365.45007324
34983,6589.36572266
34984,5952.91210938
34985,4884.11621094
34986,8521.1640625
34987,6619.52783203
34988,3319.3046875
34989,5465.00537109
34990,3196.90307617
34991,866.168579102
34992,5357.45361328
34993,9295.5234375
34994,5432.52734375
34995,4297.57617188
34996,2854.70043945
34997,4802.19677734
34998,7130.83203125
34999,5462.74853516
35000,8906.73242188
35001,3718.18017578
35002,4255.90429688
35003,3334.46240234
35004,6020.56787109
35005,3020.53051758
35006,2483.86987305
35007,4422.90917969
35008,3819.11108398
35009,6807.02050781
35010,3974.08691406
35011,5102.57324219
35012,5051.390625
35013,7806.84423828
35014,4757.85107422
35015,3397.16162109
35016,9912.17480469
35017,6616.76904297
35018,6331.69189453
35019,1843.7401123
35020,4393.76806641
35021,5625.65869141
35022,4018.79638672
35023,7582.85644531
35024,8459.3203125
35025,5980.60595703
35026,6635.84375
35027,5893.16845703
35028,7014.1328125
35029,10031.6005859
35030,3064.73657227
35031,3389.57373047
35032,5184.96972656
35033,5287.28857422
35034,5705.95996094
35035,8198.140625
35036,6511.78466797
35037,6046.78173828
35038,2441.44238281
35039,5772.21240234
35040,8340.08789062
35041,3295.48364258
35042,6273.78710938
35043,3121.66259766
35044,6750.51757812
35045,5309.41943359
35046,5132.06494141
35047,5763.08007812
35048,4057.46264648
35049,5288.87792969
35050,6989.02294922
35051,4613.59277344
35052,7972.59472656
35053,5263.49267578
35054,8828.68359375
35055,5154.60791016
35056,3341.50610352
35057,7769.74658203
35058,2714.16650391
35059,8579.08105469
35060,5900.24951172
35061,4703.16699219
35062,7171.90136719
35063,4225.73828125
35064,4326.66113281
35065,6141.61035156
35066,2821.93554688
35067,2672.20214844
35068,5982.80810547
35069,6101.71240234
35070,10160.3808594
35071,5995.42773438
35072,5154.73583984
35073,3363.23632812
35074,5718.49121094
35075,2828.25024414
35076,9971.87597656
35077,7340.09716797
35078,12978.4199219
35079,5672.4609375
35080,5087.22607422
35081,7419.57226562
35082,8223.71875
35083,2842.10400391
35084,8587.70117188
35085,6563.86669922
35086,5660.65136719
35087,5871.80175781
35088,5014.21044922
35089,3161.72119141
35090,5143.09619141
35091,3418.16796875
35092,2668.03198242
35093,6843.45703125
35094,5931.41992188
35095,21843.8222656
35096,7093.77246094
35097,4406.26708984
35098,7309.83789062
35099,11045.3369141
35100,6018.93115234
35101,7021.81738281
35102,5921.79833984
35103,7544.52734375
35104,7731.26953125
35105,6368.08007812
35106,5517.20361328
35107,7566.68017578
35108,8091.00390625
35109,7123.83007812
35110,7850.93798828
35111,6332.38623047
35112,5177.04785156
35113,5904.30859375
35114,10147.0166016
35115,9778.80566406
35116,9713.56054688
35117,7626.65966797
35118,3854.58032227
35119,6482.86230469
35120,4774.59082031
35121,7709.35498047
35122,10813.4013672
35123,9577.19824219
35124,5701.20458984
35125,5038.44091797
35126,4686.33789062
35127,6598.85009766
35128,9784.50585938
35129,6529.44189453
35130,5593.41601562
35131,5697.18212891
35132,7243.5078125
35133,3622.53125
35134,8258.24023438
35135,4786.37402344
35136,7722.80859375
35137,7629.75927734
35138,5973.24023438
35139,8391.50585938
35140,6941.71337891
35141,5017.50195312
35142,6334.73632812
35143,8109.49951172
35144,12159.359375
35145,6693.18701172
35146,8007.13916016
35147,8024.03515625
35148,9761.734375
35149,7042.44238281
35150,9245.50488281
35151,4650.80615234
35152,4691.55761719
35153,5735.54003906
35154,6900.61279297
35155,10176.1308594
35156,8200.20605469
35157,5803.54248047
35158,8287.30175781
35159,7005.16699219
35160,9550.88183594
35161,3776.35253906
35162,12605.7236328
35163,4730.15722656
35164,6143.07519531
35165,8342.56152344
35166,5236.65576172
35167,6571.28320312
35168,7013.04931641
35169,7526.45166016
35170,5925.36914062
35171,5977.49755859
35172,8304.05175781
35173,8132.89990234
35174,7058.85791016
35175,5421.53759766
35176,7529.03613281
35177,12619.0751953
35178,6780.05859375
35179,5381.75146484
35180,7553.13183594
35181,6073.03515625
35182,6819.56298828
35183,8107.57373047
35184,3926.07543945
35185,8571.27050781
35186,5952.44140625
35187,7343.21972656
35188,9335.92382812
35189,4949.85742188
35190,5812.59472656
35191,5395.41845703
35192,8168.77734375
35193,9207.58496094
35194,5007.72900391
35195,4749.06835938
35196,7143.25585938
35197,6364.64892578
35198,6076.95800781
35199,8801.77050781
35200,6868.99365234
35201,7510.93945312
35202,5827.25585938
35203,4589.7890625
35204,6561.33740234
35205,8417.4296875
35206,7907.3984375
35207,8607.93164062
35208,8308.06835938
35209,6146.26367188
35210,9399.70898438
35211,5581.19580078
35212,6802.27636719
35213,9103.56640625
35214,6766.15625
35215,9878.59472656
35216,9250.59375
35217,8136.74853516
35218,6375.12988281
35219,7200.97753906
35220,8669.44726562
35221,6629.94726562
35222,4152.19238281
35223,5250.26513672
35224,8224.36132812
35225,6124.80322266
35226,4794.01318359
35227,8036.45849609
35228,6463.08691406
35229,6338.58007812
35230,6183.80957031
35231,5054.98632812
35232,6941.9453125
35233,7057.78027344
35234,6898.84277344
35235,5830.15185547
35236,5393.39599609
35237,6430.03662109
35238,4150.71533203
35239,7148.40136719
35240,5672.28271484
35241,8936.10546875
35242,7528.21777344
35243,6283.09960938
35244,13371.6064453
35245,5021.83007812
35246,5531.64160156
35247,10203.6435547
35248,7445.22753906
35249,8594.32128906
35250,7548.13330078
35251,6011.91992188
35252,6320.7578125
35253,5801.07958984
35254,7558.77490234
35255,10908.5458984
35256,7165.22119141
35257,3567.98046875
35258,4778.81884766
35259,8905.64550781
35260,9419.66894531
35261,7655.45458984
35262,6980.40869141
35263,5008.42626953
35264,4962.46582031
35265,3109.86523438
35266,4671.51611328
35267,6766.93017578
35268,7515.10986328
35269,6536.53955078
35270,6156.10302734
35271,8367.640625
35272,9813.30957031
35273,7704.76123047
35274,5896.17041016
35275,9429.79980469
35276,10427.8818359
35277,6158.19921875
35278,7498.71386719
35279,5299.67480469
35280,6800.69335938
35281,4672.92431641
35282,7245.27001953
35283,5479.94970703
35284,9021.9765625
35285,7560.80029297
35286,8739.04199219
35287,8062.10839844
35288,5927.77783203
35289,9388.60742188
35290,17554.7070312
35291,10880.9482422
35292,5560.73779297
35293,3403.9675293
35294,6507.84814453
35295,8234.74609375
35296,6368.70556641
35297,11919.359375
35298,21248.8183594
35299,4393.734375
35300,5553.77783203
35301,9548.70507812
35302,5270.47607422
35303,7712.51806641
35304,6896.32958984
35305,7755.27929688
35306,5026.46972656
35307,6831.69824219
35308,7308.80664062
35309,7463.88476562
35310,9730.79785156
35311,6674.81347656
35312,6463.51806641
35313,7383.67431641
35314,5633.33203125
35315,5354.015625
35316,8213.52832031
35317,6438.19873047
35318,6225.49707031
35319,7048.77246094
35320,5984.5546875
35321,5887.27490234
35322,7052.55859375
35323,7262.15185547
35324,9773.05273438
35325,9418.44726562
35326,7773.84570312
35327,5841.5859375
35328,4233.95703125
35329,6548.07714844
35330,7251.55419922
35331,6242.96728516
35332,4839.32373047
35333,9194.5
35334,7183.39599609
35335,10512.4140625
35336,6654.09082031
35337,6011.87402344
35338,5362.48974609
35339,5097.72753906
35340,10222.2197266
35341,5862.27734375
35342,8409.90234375
35343,14800.1210938
35344,8021.2578125
35345,5972.88134766
35346,5982.44335938
35347,4588.54980469
35348,7331.8125
35349,4280.79345703
35350,5456.06738281
35351,10297.8925781
35352,5579.72119141
35353,14545.2578125
35354,13599.8232422
35355,5783.97412109
35356,7019.34619141
35357,5690.71337891
35358,6947.35693359
35359,5503.73193359
35360,11900.1054688
35361,7911.54736328
35362,9276.33105469
35363,4757.54736328
35364,7545.62890625
35365,5747.67626953
35366,9183.59765625
35367,7592.66992188
35368,6561.39404297
35369,7038.41259766
35370,6067.02539062
35371,8765.81347656
35372,9570.87011719
35373,6765.32958984
35374,9924.28320312
35375,6942.12451172
35376,9311.86914062
35377,5961.00341797
35378,5991.90576172
35379,5718.66552734
35380,11015.6269531
35381,7191.37548828
35382,8278.00292969
35383,7045.87548828
35384,9279.66699219
35385,5535.55273438
35386,9101.01367188
35387,6837.39599609
35388,4273.17626953
35389,14126.0205078
35390,17045.2070312
35391,7928.43066406
35392,7605.20214844
35393,9582.89941406
35394,9940.70996094
35395,10997.7080078
35396,5839.57470703
35397,6886.46972656
35398,6344.77441406
35399,9503.8203125
35400,4109.05566406
35401,6095.54101562
35402,6292.8515625
35403,5993.32910156
35404,7467.28125
35405,5090.63818359
35406,4693.10595703
35407,7820.04248047
35408,4762.28271484
35409,5227.38818359
35410,6193.92138672
35411,6372.59472656
35412,10230.5878906
35413,9480.90625
35414,7224.36816406
35415,6745.76123047
35416,6857.74707031
35417,11125.0966797
35418,7002.52148438
35419,6190.51953125
35420,5234.68359375
35421,11071.9902344
35422,4638.68408203
35423,6811.04736328
35424,3421.60327148
35425,4922.609375
35426,7188.81054688
35427,7017.49853516
35428,6507.23388672
35429,10227.6621094
35430,9914.3203125
35431,12071.1259766
35432,6562.27636719
35433,11030.9980469
35434,2873.06884766
35435,5947.90039062
35436,6783.40869141
35437,4978.34326172
35438,8939.02148438
35439,5340.57568359
35440,4851.79394531
35441,8902.7578125
35442,10323.2636719
35443,8778.91699219
35444,5928.33691406
35445,5840.90039062
35446,11404.0419922
35447,9604.00878906
35448,5710.7890625
35449,6360.52197266
35450,7625.22705078
35451,9567.44726562
35452,4747.08935547
35453,5453.65820312
35454,8683.14257812
35455,8374.37890625
35456,12615.3212891
35457,6660.25634766
35458,11863.6601562
35459,7664.21435547
35460,5452.47216797
35461,3385.18554688
35462,5954.63867188
35463,7061.46386719
35464,6166.38085938
35465,8791.90429688
35466,5678.33496094
35467,4502.94042969
35468,7932.46240234
35469,3819.7487793
35470,7933.73339844
35471,7433.92382812
35472,7921.83935547
35473,8976.00585938
35474,6154.69970703
35475,9738.328125
35476,6408.21533203
35477,5576.62988281
35478,6258.33740234
35479,5347.40087891
35480,10453.7929688
35481,6410.86230469
35482,4913.90673828
35483,7495.99609375
35484,9159.82128906
35485,7779.97265625
35486,6434.28808594
35487,8676.50390625
35488,5612.54882812
35489,6413.36376953
35490,6140.61474609
35491,9941.75195312
35492,5469.40625
35493,6560.86181641
35494,6309.45751953
35495,6050.61914062
35496,4630.54931641
35497,6185.57373047
35498,9326.5078125
35499,8882.74121094
35500,11121.4472656
35501,11408.1972656
35502,9003.45214844
35503,8164.8515625
35504,4946.71826172
35505,9935.48730469
35506,11139.0058594
35507,8168.11572266
35508,8114.57519531
35509,8782.04003906
35510,5939.68554688
35511,3696.14892578
35512,11322.5634766
35513,6911.00683594
35514,6588.38574219
35515,6412.22021484
35516,3058.56494141
35517,11579.5361328
35518,6832.74755859
35519,5200.2890625
35520,5182.85302734
35521,5756.30664062
35522,6428.00097656
35523,7913.46484375
35524,7172.01074219
35525,5308.27978516
35526,5338.96582031
35527,3934.41333008
35528,3490.60913086
35529,7555.68212891
35530,17677.2675781
35531,4183.94824219
35532,6212.59521484
35533,6705.73730469
35534,5776.93847656
35535,5208.46533203
35536,5619.07861328
35537,4051.66870117
35538,8261.93554688
35539,7157.44824219
35540,4434.06933594
35541,9706.04980469
35542,5792.57568359
35543,5022.15136719
35544,11668.359375
35545,8065.29199219
35546,9464.02929688
35547,5308.27539062
35548,6588.41699219
35549,5232.07275391
35550,5422.50976562
35551,14683.7626953
35552,10449.5361328
35553,7260.52392578
35554,5730.52587891
35555,5457.01464844
35556,6419.88183594
35557,4202.59960938
35558,9504.59960938
35559,5497.58300781
35560,5594.79833984
35561,8202.27929688
35562,5228.36083984
35563,6289.25732422
35564,6779.27587891
35565,8172.55761719
35566,8024.83105469
35567,4138.00585938
35568,5643.21728516
35569,7350.43066406
35570,9061.9140625
35571,8575.19433594
35572,7645.90234375
35573,5131.92333984
35574,8523.83789062
35575,5920.70849609
35576,4919.85839844
35577,7328.65917969
35578,6981.72070312
35579,6072.28222656
35580,6832.17431641
35581,6388.35644531
35582,6770.53955078
35583,5627.38671875
35584,7167.28515625
35585,7570.69433594
35586,6641.59277344
35587,10189.0664062
35588,6805.06689453
35589,4753.71386719
35590,12563.4755859
35591,5452.46728516
35592,3102.34765625
35593,8199.90136719
35594,9568.52441406
35595,10354.6904297
35596,5164.19482422
35597,6497.23632812
35598,6369.19140625
35599,7030.88476562
35600,6509.44384766
35601,8883.75878906
35602,3279.20825195
35603,6075.67724609
35604,6113.12451172
35605,5270.69726562
35606,5476.68896484
35607,6882.93066406
35608,8298.3828125
35609,6137.71582031
35610,8002.06201172
35611,7573.69091797
35612,8859.65917969
35613,5870.54199219
35614,6957.43652344
35615,6806.91064453
35616,8726.18164062
35617,8888.27539062
35618,3728.25292969
35619,8516.78417969
35620,7735.6875
35621,7599.81445312
35622,5289.69482422
35623,4324.57763672
35624,8464.63964844
35625,6250.87402344
35626,8669.81054688
35627,7316.98144531
35628,5410.55957031
35629,8459.95019531
35630,6013.11816406
35631,6857.42675781
35632,8060.08642578
35633,5513.72070312
35634,8812.4140625
35635,11005.4833984
35636,7829.75976562
35637,5139.99169922
35638,5997.84130859
35639,5448.703125
35640,3106.19189453
35641,8261.13183594
35642,6396.51513672
35643,9147.06640625
35644,5208.95214844
35645,6671.42089844
35646,6533.79052734
35647,8720.39941406
35648,6080.16455078
35649,5960.24707031
35650,5713.05566406
35651,7710.95117188
35652,5779.68847656
35653,7654.64453125
35654,7917.64697266
35655,8030.19042969
35656,8188.10693359
35657,6836.31982422
35658,6361.89355469
35659,5101.52685547
35660,6090.17089844
35661,11103.4619141
35662,9018.45800781
35663,9049.49414062
35664,14828.0546875
35665,5573.60449219
35666,5381.80761719
35667,6021.11914062
35668,8718.77734375
35669,10845.8652344
35670,7830.9921875
35671,7945.86523438
35672,8349.21582031
35673,7264.61816406
35674,7095.46435547
35675,5999.67773438
35676,5193.94384766
35677,5678.93066406
35678,3729.36279297
35679,5424.75
35680,8068.28515625
35681,16664.4394531
35682,6684.05761719
35683,4927.57958984
35684,7857.16259766
35685,4584.91894531
35686,6735.79492188
35687,4612.52392578
35688,9247.60351562
35689,7374.47460938
35690,7311.26757812
35691,13759.6464844
35692,12202.1005859
35693,5314.42041016
35694,7561.73095703
35695,3965.23754883
35696,5371.05371094
35697,5147.18945312
35698,9075.20898438
35699,4883.07763672
35700,5266.390625
35701,5738.65917969
35702,5956.68945312
35703,7368.49169922
35704,7311.4765625
35705,3728.19604492
35706,7843.35546875
35707,8415.50976562
35708,7596.21972656
35709,5493.75048828
35710,4537.07958984
35711,7870.28808594
35712,5151.69824219
35713,9785.12207031
35714,4979.00341797
35715,6263.25830078
35716,7696.67431641
35717,6000.92529297
35718,5263.59326172
35719,6488.60302734
35720,7680.93652344
35721,9794.25292969
35722,9910.00976562
35723,6460.99121094
35724,4144.78466797
35725,5804.47216797
35726,6089.94433594
35727,4664.57861328
35728,6121.78369141
35729,6079.57324219
35730,11708.0224609
35731,8013.41943359
35732,6571.55322266
35733,7239.61279297
35734,4835.11572266
35735,8993.51367188
35736,5884.625
35737,12154.8027344
35738,6999.18945312
35739,5766.63769531
35740,5536.48730469
35741,4590.06494141
35742,6828.70166016
35743,21871.3183594
35744,4350.86865234
35745,5767.03417969
35746,10077.6416016
35747,6491.43798828
35748,7185.75292969
35749,8565.5078125
35750,6215.46972656
35751,5485.72314453
35752,4690.53759766
35753,10208.8330078
35754,6444.48388672
35755,7404.68359375
35756,8201.70703125
35757,4910.37353516
35758,7861.56298828
35759,7069.55761719
35760,4287.00488281
35761,8641.73339844
35762,10613.1259766
35763,4508.51123047
35764,7741.15673828
35765,7831.20849609
35766,5831.11962891
35767,10079.4003906
35768,7373.98974609
35769,8174.75537109
35770,5056.51513672
35771,5397.59033203
35772,6616.98974609
35773,4736.80761719
35774,8154.01855469
35775,4159.54248047
35776,5982.16357422
35777,4716.55517578
35778,6420.43310547
35779,5598.41210938
35780,6946.80078125
35781,7279.34277344
35782,9270.6875
35783,6836.35888672
35784,7337.23388672
35785,6142.04980469
35786,9541.5859375
35787,9677.92871094
35788,7063.28271484
35789,3930.11474609
35790,6313.37060547
35791,7031.81005859
35792,4058.91040039
35793,12931.3574219
35794,5949.63671875
35795,6331.05712891
35796,10379.578125
35797,6715.67089844
35798,4719.05273438
35799,11978.2207031
35800,10204.9482422
35801,5728.18115234
35802,9202.87011719
35803,9749.93554688
35804,7249.10644531
35805,5524.24365234
35806,6961.08740234
35807,5795.58251953
35808,6124.18408203
35809,7518.16455078
35810,4596.02294922
35811,7527.09716797
35812,7941.87255859
35813,6438.89257812
35814,8405.47558594
35815,5952.47460938
35816,6955.18066406
35817,5239.84375
35818,7858.80419922
35819,7288.03369141
35820,6750.03417969
35821,6364.16357422
35822,7383.44140625
35823,9578.38574219
35824,6286.13232422
35825,5337.81054688
35826,6835.87646484
35827,7476.97363281
35828,7656.57910156
35829,4506.6875
35830,4302.67089844
35831,7585.43164062
35832,7535.7890625
35833,6077.22509766
35834,7866.43847656
35835,6699.24804688
35836,6355.03417969
35837,5620.02734375
35838,2948.63476562
35839,7488.76416016
35840,6896.546875
35841,6874.34863281
35842,9499.55175781
35843,8232.57128906
35844,4859.05126953
35845,8055.99707031
35846,3941.32519531
35847,2493.39550781
35848,7142.91455078
35849,12245.8076172
35850,7707.48046875
35851,7056.07763672
35852,4558.65722656
35853,6581.82226562
35854,8362.54980469
35855,6056.30029297
35856,8614.70703125
35857,5122.45019531
35858,4847.30664062
35859,5546.20214844
35860,5683.95410156
35861,5204.56689453
35862,5371.47412109
35863,5554.42431641
35864,4495.43017578
35865,7295.46826172
35866,7038.47363281
35867,5873.81298828
35868,6209.81054688
35869,8040.57519531
35870,5878.73388672
35871,4798.07617188
35872,9903.99023438
35873,7306.68066406
35874,6251.86376953
35875,3588.68676758
35876,11639.2822266
35877,7185.609375
35878,5693.17822266
35879,8492.60351562
35880,8108.88867188
35881,7117.54736328
35882,6491.11572266
35883,7457.87109375
35884,10222.7753906
35885,12958.4941406
35886,5389.80664062
35887,4718.49462891
35888,5632.89160156
35889,6491.54931641
35890,6703.69726562
35891,7789.11279297
35892,8726.55664062
35893,6217.68115234
35894,4038.19897461
35895,6116.78759766
35896,10368.3779297
35897,5505.36474609
35898,7818.68505859
35899,4111.27441406
35900,8043.33691406
35901,7716.50585938
35902,7448.70117188
35903,8524.765625
35904,6859.06884766
35905,4864.01806641
35906,6565.28808594
35907,7390.16308594
35908,8823.99609375
35909,7503.25683594
35910,8509.74511719
35911,6518.49023438
35912,4310.10595703
35913,9588.6875
35914,4720.06103516
35915,9042.96289062
35916,6837.42871094
35917,4932.62548828
35918,7406.54833984
35919,5935.48876953
35920,7423.29589844
35921,7957.19628906
35922,3721.17529297
35923,4680.46337891
35924,7912.80029297
35925,9121.25195312
35926,10288.9785156
35927,6150.12792969
35928,5776.01269531
35929,6254.13085938
35930,6659.72949219
35931,5255.58642578
35932,10528.5478516
35933,9021.73632812
35934,11562.1660156
35935,4960.18945312
35936,5991.33984375
35937,9566.11523438
35938,9508.19042969
35939,5531.38818359
35940,10597.5791016
35941,6575.73486328
35942,6125.80273438
35943,5963.12988281
35944,5733.30322266
35945,5232.38671875
35946,6461.51513672
35947,4881.15429688
35948,4913.83642578
35949,8550.72558594
35950,6726.88330078
35951,23007.9179688
35952,7022.42675781
35953,4593.32324219
35954,7549.93359375
35955,10554.4677734
35956,7339.29931641
35957,7187.72070312
35958,5915.30078125
35959,7822.36230469
35960,7926.8203125
35961,5575.43359375
35962,5621.265625
35963,7289.66113281
35964,8307.87011719
35965,7158.20556641
35966,8945.51269531
35967,5952.06591797
35968,4852.78027344
35969,5813.06591797
35970,9831.96289062
35971,10505.7382812
35972,10032.0996094
35973,7656.06054688
35974,4965.96923828
35975,6003.59912109
35976,4565.18896484
35977,7710.77441406
35978,10289.0371094
35979,9412.38476562
35980,5709.49804688
35981,5517.52441406
35982,5037.72509766
35983,6089.47998047
35984,10158.9755859
35985,6315.49707031
35986,5461.00292969
35987,5319.56347656
35988,7537.40673828
35989,3572.36010742
35990,7524.85058594
35991,4841.21191406
35992,7187.28173828
35993,7331.44873047
35994,5825.46044922
35995,7949.94384766
35996,6749.57128906
35997,4956.89208984
35998,6669.74169922
35999,7875.89794922
36000,11680.9306641
36001,6395.25195312
36002,8529.24707031
36003,8377.86230469
36004,9817.94433594
36005,6982.57958984
36006,9230.66601562
36007,4663.28369141
36008,5002.0625
36009,6077.47998047
36010,6491.24609375
36011,9539.32910156
36012,7593.82910156
36013,5680.62646484
36014,7572.66552734
36015,6442.68945312
36016,10132.578125
36017,3804.30151367
36018,12941.5107422
36019,4968.125
36020,5933.75097656
36021,8612.25878906
36022,5218.64013672
36023,6589.328125
36024,6107.69287109
36025,7538.88085938
36026,5662.83886719
36027,5654.73144531
36028,7962.85986328
36029,7813.57080078
36030,7490.74316406
36031,5231.75830078
36032,7370.9453125
36033,11377.2841797
36034,6598.62402344
36035,5636.15380859
36036,6938.49023438
36037,6040.03808594
36038,6301.9453125
36039,7507.71679688
36040,3804.63549805
36041,8190.05175781
36042,6074.98193359
36043,6894.73144531
36044,9662.51757812
36045,4110.59228516
36046,5978.21630859
36047,5088.97802734
36048,7814.51025391
36049,8905.30664062
36050,4881.62939453
36051,4674.81005859
36052,6892.50878906
36053,5943.26171875
36054,5836.30615234
36055,7967.88134766
36056,6467.390625
36057,7708.12011719
36058,5764.68017578
36059,4465.67138672
36060,6461.90332031
36061,8293.27148438
36062,8356.00390625
36063,8147.99316406
36064,8108.77197266
36065,5844.48925781
36066,9334.73046875
36067,5669.4375
36068,6735.02441406
36069,9048.55371094
36070,6271.58544922
36071,9987.96191406
36072,8958.8828125
36073,7723.34619141
36074,5960.62792969
36075,6948.42431641
36076,8003.93212891
36077,6496.20751953
36078,3935.18652344
36079,5722.40917969
36080,8196.84277344
36081,6015.96923828
36082,4664.49414062
36083,8090.99609375
36084,6523.66455078
36085,5870.95654297
36086,5947.4296875
36087,5267.92773438
36088,7648.20019531
36089,7273.56835938
36090,7056.31982422
36091,5519.18261719
36092,5304.68164062
36093,6467.14404297
36094,4006.6550293
36095,6351.14404297
36096,5552.17822266
36097,8628.34960938
36098,7285.56640625
36099,6242.48535156
36100,12166.5869141
36101,5712.19482422
36102,5204.71582031
36103,10286.3876953
36104,6884.94628906
36105,8434.99023438
36106,7548.96826172
36107,5903.48632812
36108,6187.68017578
36109,5526.546875
36110,8285.38085938
36111,11472.3554688
36112,7756.72216797
36113,3477.9453125
36114,4744.94335938
36115,8405.91601562
36116,8458.64355469
36117,6842.51708984
36118,6868.37792969
36119,5051.70410156
36120,5350.15087891
36121,3244.62451172
36122,4843.23046875
36123,6286.89404297
36124,7295.12060547
36125,6636.01416016
36126,5892.58349609
36127,8116.20019531
36128,9529.42578125
36129,7566.09570312
36130,5386.91259766
36131,9486.0703125
36132,10031.2666016
36133,6080.72705078
36134,7707.72265625
36135,5481.31396484
36136,6447.75488281
36137,4314.21923828
36138,7822.7578125
36139,5101.98876953
36140,9126.76953125
36141,7387.80224609
36142,8747.21386719
36143,8257.87011719
36144,5762.62451172
36145,8917.00097656
36146,18956.8554688
36147,10637.3457031
36148,5996.02197266
36149,3124.23974609
36150,6198.20068359
36151,9069.63574219
36152,6063.51953125
36153,12171.6123047
36154,20008.3808594
36155,4163.82226562
36156,5607.33740234
36157,11408.3603516
36158,4962.94824219
36159,8107.47363281
36160,6806.13818359
36161,7969.09033203
36162,4974.04296875
36163,6217.80029297
36164,6370.82568359
36165,7610.96337891
36166,8714.80371094
36167,6230.20751953
36168,6046.62646484
36169,7257.45654297
36170,5198.64306641
36171,4881.54101562
36172,7686.72607422
36173,6150.53271484
36174,5927.59619141
36175,7009.68505859
36176,6432.80322266
36177,6233.78613281
36178,7270.50976562
36179,7292.83203125
36180,9035.34179688
36181,9499.23535156
36182,7596.15429688
36183,5674.62597656
36184,4044.25512695
36185,6578.16894531
36186,7335.484375
36187,6116.69433594
36188,4671.99755859
36189,9278.19824219
36190,7380.21679688
36191,10262.6923828
36192,6805.63769531
36193,5699.76367188
36194,5546.33984375
36195,5133.68603516
36196,9900.11914062
36197,5007.56152344
36198,7804.06689453
36199,15991.2314453
36200,7639.73583984
36201,8044.49560547
36202,5715.09423828
36203,4566.72216797
36204,6964.17578125
36205,4298.06445312
36206,5947.68505859
36207,10833.9755859
36208,5315.63183594
36209,15711.6464844
36210,14355.7841797
36211,5106.49755859
36212,6794.94873047
36213,5956.39355469
36214,6884.21728516
36215,5594.59521484
36216,11043.7568359
36217,7739.73193359
36218,9848.59375
36219,4675.30517578
36220,7460.72460938
36221,5241.38330078
36222,8879.48828125
36223,6966.73339844
36224,6284.22607422
36225,6801.84765625
36226,5931.0234375
36227,8205.42382812
36228,10244.3466797
36229,6121.34619141
36230,9785.19726562
36231,6700.99951172
36232,9762.28320312
36233,5850.17285156
36234,5666.52880859
36235,5414.50878906
36236,10315.3408203
36237,6698.93505859
36238,8014.81835938
36239,6905.20214844
36240,8957.43066406
36241,4840.01660156
36242,9171.87695312
36243,7376.45214844
36244,4297.97851562
36245,14463.8886719
36246,17818.4355469
36247,7353.63525391
36248,7080.71923828
36249,10043.5107422
36250,10095.6601562
36251,11416.7089844
36252,5792.08398438
36253,7101.83544922
36254,6181.99902344
36255,8452.90917969
36256,3903.16235352
36257,6423.66748047
36258,5767.53466797
36259,5776.99902344
36260,7625.91064453
36261,5438.23535156
36262,4717.17138672
36263,7227.359375
36264,4286.60351562
36265,5001.39892578
36266,6351.09521484
36267,6536.18408203
36268,9347.25683594
36269,8508.07324219
36270,7395.49365234
36271,6203.19824219
36272,6558.73486328
36273,11771.9921875
36274,7170.04785156
36275,5556.07714844
36276,4940.09814453
36277,10853.8232422
36278,4385.32666016
36279,6655.22070312
36280,3450.52978516
36281,5141.25195312
36282,7300.78710938
36283,6652.31396484
36284,5571.99902344
36285,9451.4453125
36286,10148.1972656
36287,12754.7167969
36288,6587.93945312
36289,9881.23242188
36290,2946.36279297
36291,5513.04199219
36292,6279.66015625
36293,4807.66015625
36294,8557.60351562
36295,5371.85302734
36296,4844.29296875
36297,8692.82910156
36298,11099.8925781
36299,11085.3779297
36300,5560.02685547
36301,5737.86035156
36302,12212.6953125
36303,9484.91210938
36304,6399.44433594
36305,5568.39111328
36306,7122.72949219
36307,10487.9570312
36308,4467.31542969
36309,5853.80078125
36310,8014.82568359
36311,8010.96630859
36312,14454.2490234
36313,6651.42578125
36314,12249.5927734
36315,7225.03662109
36316,5355.49169922
36317,3825.92626953
36318,6145.77099609
36319,6551.55664062
36320,5986.47314453
36321,7795.22167969
36322,5149.55126953
36323,4783.078125
36324,7727.31787109
36325,3578.22973633
36326,7724.22998047
36327,7060.80371094
36328,8050.12890625
36329,8631.06542969
36330,5746.20166016
36331,9191.93164062
36332,6339.08789062
36333,5768.76171875
36334,5669.60546875
36335,5258.83105469
36336,10922.8925781
36337,6813.171875
36338,5096.94970703
36339,7403.64550781
36340,8595.63378906
36341,7664.32421875
36342,6204.88427734
36343,8455.73144531
36344,5534.69189453
36345,6112.68164062
36346,6017.29541016
36347,8809.82617188
36348,6531.04248047
36349,6763.43261719
36350,5601.24804688
36351,5692.02734375
36352,4588.82177734
36353,5855.89550781
36354,8460.85351562
36355,9251.83789062
36356,10527.2128906
36357,11150.8994141
36358,8562.453125
36359,8290.38476562
36360,5013.81787109
36361,10006.9277344
36362,10893.0136719
36363,7204.92822266
36364,8645.92089844
36365,8446.1875
36366,5848.671875
36367,3911.76147461
36368,10836.8486328
36369,6770.9140625
36370,6890.93115234
36371,6107.98974609
36372,3223.27563477
36373,12237.3789062
36374,6444.38574219
36375,4849.24462891
36376,4646.17675781
36377,5262.55908203
36378,6751.4765625
36379,8263.03027344
36380,6683.63671875
36381,5414.09033203
36382,5131.59033203
36383,4357.28955078
36384,3515.93408203
36385,7356.04833984
36386,17700.8378906
36387,4561.62402344
36388,5874.29492188
36389,6818.97753906
36390,5414.24072266
36391,5429.68310547
36392,5060.25439453
36393,4321.81445312
36394,7313.72265625
36395,6991.78320312
36396,4219.32617188
36397,9113.47753906
36398,5659.87402344
36399,4817.42871094
36400,11228.3476562
36401,8079.16650391
36402,10197.1259766
36403,5472.63671875
36404,6967.81640625
36405,5057.49462891
36406,5315.69287109
36407,15842.0263672
36408,10002.0234375
36409,6866.79980469
36410,6225.81201172
36411,4960.75195312
36412,5906.08837891
36413,5150.54345703
36414,12001.8349609
36415,5719.05859375
36416,5576.03417969
36417,7665.67675781
36418,4600.87451172
36419,6451.43994141
36420,7314.59472656
36421,7705.29003906
36422,7226.78027344
36423,4193.79785156
36424,5366.03515625
36425,6768.74462891
36426,9240.19726562
36427,8466.23828125
36428,7023.80664062
36429,5165.08203125
36430,8070.74072266
36431,6027.15771484
36432,4993.46240234
36433,7117.52050781
36434,7183.15576172
36435,6321.98144531
36436,6519.91357422
36437,6525.95507812
36438,6618.78271484
36439,5687.77246094
36440,7172.42822266
36441,6736.59228516
36442,6277.04345703
36443,9807.00390625
36444,6239.85400391
36445,4734.57177734
36446,11970.9443359
36447,6297.80517578
36448,3382.53540039
36449,7901.05761719
36450,8790.26074219
36451,11192.9453125
36452,5161.26513672
36453,6093.67480469
36454,5999.80957031
36455,7075.58837891
36456,6156.43164062
36457,9014.1328125
36458,3398.06274414
36459,6347.21337891
36460,6218.14404297
36461,5479.30175781
36462,5321.91796875
36463,6723.69580078
36464,8097.84375
36465,6089.8515625
36466,8395.796875
36467,7537.4140625
36468,8765.36230469
36469,5400.90185547
36470,6896.95458984
36471,6772.72265625
36472,8710.48242188
36473,8220.27636719
36474,5168.17138672
36475,8369.38867188
36476,7643.16796875
36477,7566.21142578
36478,5403.85498047
36479,4840.14990234
36480,8270.94726562
36481,6425.7265625
36482,8765.81347656
36483,7150.06494141
36484,5803.87451172
36485,7906.25195312
36486,7006.59033203
36487,6863.87255859
36488,7969.45458984
36489,5914.81542969
36490,9177.03027344
36491,10504.6855469
36492,7750.00683594
36493,5117.94238281
36494,5715.55224609
36495,4892.64453125
36496,3253.1784668
36497,8436.49414062
36498,5794.39404297
36499,8845.078125
36500,4767.73681641
36501,6357.18066406
36502,6203.5
36503,9378.85253906
36504,5441.59814453
36505,5337.08203125
36506,5683.73193359
36507,7774.46142578
36508,5628.43408203
36509,7665.27441406
36510,7626.40478516
36511,8641.43554688
36512,7900.10058594
36513,6893.46875
36514,5947.00976562
36515,5161.55566406
36516,5564.50439453
36517,10459.8271484
36518,9128.75488281
36519,9598.28515625
36520,14038.0507812
36521,5877.69140625
36522,5432.03515625
36523,6536.02832031
36524,8343.0625
36525,10242.2851562
36526,7422.24072266
36527,8335.68164062
36528,8160.67871094
36529,7144.99267578
36530,7036.16455078
36531,5718.94433594
36532,4874.51025391
36533,5149.64453125
36534,3899.39990234
36535,5703.96826172
36536,8388.14453125
36537,16847.8652344
36538,6630.21240234
36539,5114.69189453
36540,8064.36914062
36541,4387.31835938
36542,6412.26904297
36543,4678.21386719
36544,9540.8671875
36545,6912.38476562
36546,6538.96484375
36547,13813.2138672
36548,10799.9404297
36549,5636.97607422
36550,7348.81152344
36551,4054.23974609
36552,5325.69091797
36553,5388.23339844
36554,8603.95898438
36555,4783.93652344
36556,4826.98242188
36557,5760.48632812
36558,5738.58789062
36559,6979.92919922
36560,7412.24462891
36561,3736.16381836
36562,7185.32177734
36563,8443.26464844
36564,7640.56640625
36565,5115.13574219
36566,4732.74755859
36567,8479.84765625
36568,4938.37841797
36569,9539.13769531
36570,4951.90185547
36571,6465.39892578
36572,7346.71582031
36573,6067.51757812
36574,4922.42578125
36575,6373.90771484
36576,7648.36767578
36577,9291.4453125
36578,9692.78320312
36579,5974.10058594
36580,4276.51611328
36581,5766.81982422
36582,6024.56591797
36583,4971.46240234
36584,6476.41601562
36585,5992.27148438
36586,11511.4511719
36587,8156.17333984
36588,6142.63574219
36589,7581.59814453
36590,4838.22509766
36591,9008.09960938
36592,6081.70703125
36593,13440.0224609
36594,6616.44726562
36595,5588.96337891
36596,5225.14013672
36597,4294.28173828
36598,7273.73486328
36599,20083.7050781
36600,4305.78271484
36601,4948.79980469
36602,9590.43457031
36603,6580.32128906
36604,7176.49267578
36605,8424.859375
36606,6015.94091797
36607,5194.484375
36608,4881.48486328
36609,10154.9658203
36610,6295.18066406
36611,7533.02978516
36612,8006.81054688
36613,4829.05029297
36614,7410.72460938
36615,6492.11914062
36616,4498.50195312
36617,8757.56542969
36618,9712.77246094
36619,4507.58154297
36620,7562.27880859
36621,7291.95556641
36622,5741.16162109
36623,9661.375
36624,6563.76660156
36625,7925.44433594
36626,4896.93554688
36627,5253.30078125
36628,6865.18164062
36629,4697.45507812
36630,8024.77001953
36631,4472.32958984
36632,5948.71777344
36633,4593.58642578
36634,6266.17431641
36635,5905.85742188
36636,7102.28271484
36637,7175.54833984
36638,8593.30566406
36639,6340.63623047
36640,7415.68798828
36641,6556.95214844
36642,8695.5078125
36643,9436.34960938
36644,7149.83349609
36645,3854.42211914
36646,5972.24316406
36647,7130.14550781
36648,4128.51171875
36649,11990.7363281
36650,5712.52148438
36651,6882.59570312
36652,10535.0273438
36653,7054.36865234
36654,4598.19433594
36655,11508.9814453
36656,9866.75878906
36657,5734.17285156
36658,9426.69726562
36659,10436.6679688
36660,6250.64746094
36661,5256.28320312
36662,6785.36962891
36663,5837.42529297
36664,5818.21386719
36665,7001.19238281
36666,4910.56103516
36667,6859.74951172
36668,7431.13769531
36669,6801.44580078
36670,8523.20410156
36671,6094.63378906
36672,7207.07958984
36673,5790.2890625
36674,7656.98779297
36675,6896.34277344
36676,6643.98828125
36677,6440.18261719
36678,7103.16308594
36679,9419.23730469
36680,5755.94433594
36681,5307.89501953
36682,6415.46240234
36683,7233.83544922
36684,7759.74853516
36685,4453.76416016
36686,4210.36816406
36687,7546.01708984
36688,7225.88427734
36689,5964.13720703
36690,7813.71972656
36691,6188.39453125
36692,6675.80078125
36693,5456.47363281
36694,3410.78369141
36695,7248.77441406
36696,6550.84472656
36697,6681.62939453
36698,9766.20410156
36699,8702.8515625
36700,4619.81103516
36701,8708.98730469
36702,4220.69042969
36703,2964.20336914
36704,7225.97412109
36705,12149.3554688
36706,7988.90722656
36707,7071.98535156
36708,4674.84130859
36709,6276.1875
36710,8943.57617188
36711,6430.75439453
36712,8875.16210938
36713,5269.29980469
36714,4974.60742188
36715,5377.95898438
36716,5370.74609375
36717,4968.63671875
36718,5236.57617188
36719,5342.04296875
36720,4305.71728516
36721,7090.35644531
36722,6768.61523438
36723,5684.63232422
36724,6331.10595703
36725,7693.44433594
36726,6001.57226562
36727,4895.62792969
36728,9474.45117188
36729,7510.56738281
36730,5796.07421875
36731,3773.02514648
36732,11404.7919922
36733,6876.57177734
36734,5802.49072266
36735,8219.4609375
36736,7834.10742188
36737,7368.11230469
36738,6243.79492188
36739,7431.71191406
36740,9317.66992188
36741,13257.2177734
36742,5310.03271484
36743,4837.59277344
36744,5460.74316406
36745,7126.64355469
36746,6126.78417969
36747,8190.95019531
36748,8944.8203125
36749,5965.09863281
36750,4362.60449219
36751,6274.89453125
36752,11321.2890625
36753,5058.42089844
36754,7621.35888672
36755,4269.13037109
36756,7535.83984375
36757,7986.28613281
36758,7488.42822266
36759,8776.98242188
36760,6609.14306641
36761,4458.15917969
36762,6442.87353516
36763,6999.77050781
36764,8810.03515625
36765,7465.14501953
36766,7733.55566406
36767,6797.27587891
36768,4274.09326172
36769,9660.859375
36770,4559.79248047
36771,9044.09277344
36772,6367.8125
36773,4410.33300781
36774,7676.62255859
36775,6272.82958984
36776,7463.82763672
36777,8014.40527344
36778,3997.92724609
36779,4517.50390625
36780,8169.40039062
36781,9023.42285156
36782,9725.11035156
36783,5485.86474609
36784,6158.70996094
36785,6805.35205078
36786,6548.60205078
36787,5321.80664062
36788,10111.7919922
36789,8763.94921875
36790,11349.7236328
36791,4524.89160156
36792,5792.16699219
36793,9200.70214844
36794,9537.31835938
36795,5211.13378906
36796,10382.4101562
36797,6692.84863281
36798,5623.07324219
36799,5564.43066406
36800,5572.50927734
36801,5260.84765625
36802,6230.90917969
36803,4777.46533203
36804,4892.82714844
36805,8562.73925781
36806,7044.21582031
36807,23212.5859375
36808,6687.23339844
36809,5001.88574219
36810,8117.40039062
36811,10760.1201172
36812,6628.78369141
36813,7383.37109375
36814,5812.33398438
36815,8758.57617188
36816,8431.53125
36817,5982.62548828
36818,5692.81494141
36819,7196.30908203
36820,8632.5390625
36821,7260.88378906
36822,8821.62304688
36823,6090.36865234
36824,4970.23925781
36825,5945.14990234
36826,10427.6035156
36827,10759.5351562
36828,10633.4716797
36829,7998.47558594
36830,4648.32226562
36831,6019.89013672
36832,4943.85986328
36833,7964.15869141
36834,10817.7949219
36835,9952.89160156
36836,6149.20117188
36837,5952.74755859
36838,4904.31201172
36839,6214.46777344
36840,11212.7548828
36841,6666.41503906
36842,5425.65039062
36843,5565.38574219
36844,8130.53466797
36845,3639.03833008
36846,8330.83398438
36847,4919.61914062
36848,7112.75634766
36849,7342.05078125
36850,6094.73876953
36851,7976.13916016
36852,7067.04296875
36853,5630.57080078
36854,6960.53613281
36855,8033.07080078
36856,11607.5546875
36857,6415.51757812
36858,8978.95996094
36859,9111.31445312
36860,10345.5302734
36861,7213.48925781
36862,9779.48730469
36863,5028.85742188
36864,5013.68408203
36865,6566.97265625
36866,6550.50732422
36867,9679.52636719
36868,7857.11035156
36869,5951.02734375
36870,7827.81835938
36871,6917.13378906
36872,9658.62890625
36873,4003.17822266
36874,14426.2089844
36875,5175.67529297
36876,6077.42724609
36877,9035.01464844
36878,5534.00585938
36879,6783.90722656
36880,5960.56542969
36881,7899.65625
36882,5562.84912109
36883,5893.08984375
36884,8161.14550781
36885,8050.17529297
36886,8134.82373047
36887,5378.73876953
36888,7399.69189453
36889,11852.1591797
36890,6724.43994141
36891,5667.11279297
36892,7019.35986328
36893,6164.52294922
36894,6462.09423828
36895,7840.04980469
36896,3853.66845703
36897,8565.82617188
36898,6381.73046875
36899,7303.65625
36900,10265.9042969
36901,4483.07177734
36902,5769.5703125
36903,5531.58886719
36904,8633.88183594
36905,9082.30859375
36906,5151.90429688
36907,4729.65185547
36908,7081.05712891
36909,6219.17041016
36910,6014.27685547
36911,8250.234375
36912,6903.42382812
36913,7936.73046875
36914,6109.32421875
36915,4581.19433594
36916,6981.20117188
36917,8017.99902344
36918,8580.13574219
36919,8424.20800781
36920,8515.97265625
36921,6147.74658203
36922,9587.01367188
36923,6342.45654297
36924,7134.21337891
36925,9365.23828125
36926,6562.20751953
36927,10313.8457031
36928,9334.28515625
36929,7881.18017578
36930,6006.27978516
36931,7255.34570312
36932,8324.97070312
36933,6802.10107422
36934,4216.58984375
36935,5816.07714844
36936,8826.875
36937,6192.35009766
36938,4587.47802734
36939,8306.578125
36940,6805.28710938
36941,6083.91210938
36942,6128.75390625
36943,5517.39306641
36944,8043.75878906
36945,7394.10400391
36946,7252.23925781
36947,5816.01074219
36948,5517.6875
36949,6761.07910156
36950,4122.6875
36951,6353.36132812
36952,6013.11230469
36953,8996.6796875
36954,7715.51953125
36955,6468.26708984
36956,12469.2050781
36957,7039.95068359
36958,5450.79296875
36959,10946.4511719
36960,7612.51708984
36961,8704.83496094
36962,7905.79980469
36963,5535.51074219
36964,6448.82470703
36965,5710.82177734
36966,7924.82421875
36967,12338.90625
36968,7420.64111328
36969,3635.90844727
36970,5657.15380859
36971,9135.87988281
36972,9204.57324219
36973,7301.92919922
36974,7210.46923828
36975,5110.22998047
36976,5536.671875
36977,3350.52661133
36978,5030.28271484
36979,6526.86425781
36980,7696.01318359
36981,6893.21240234
36982,6231.52099609
36983,8236.78808594
36984,9595.1640625
36985,7858.56445312
36986,5695.3671875
36987,9815.35058594
36988,11000.4453125
36989,6181.58056641
36990,7941.55419922
36991,5526.81591797
36992,6797.70996094
36993,4265.14160156
36994,8307.19628906
36995,5670.08691406
36996,9451.58984375
36997,7527.95898438
36998,9034.54003906
36999,8531.63085938
37000,5669.6484375
37001,9705.22558594
37002,19275.3339844
37003,11500.1376953
37004,6433.64404297
37005,3251.7265625
37006,6451.80322266
37007,9168.32519531
37008,6007.73486328
37009,12160.0439453
37010,19970.3085938
37011,4279.82568359
37012,5884.29931641
37013,9607.20605469
37014,5791.02880859
37015,8692.1328125
37016,6989.95605469
37017,8173.14160156
37018,4877.99853516
37019,6830.66894531
37020,6637.89453125
37021,7712.19433594
37022,9418.85058594
37023,6175.46337891
37024,6003.13525391
37025,7447.32226562
37026,5688.05419922
37027,5297.22851562
37028,8065.73095703
37029,6213.01611328
37030,6138.76953125
37031,7494.6953125
37032,6530.70654297
37033,6703.63330078
37034,7515.36816406
37035,7515.56152344
37036,9044.37792969
37037,9390.05761719
37038,7561.07470703
37039,5727.4765625
37040,4174.91845703
37041,6939.05224609
37042,7453.67529297
37043,6484.12988281
37044,4834.16113281
37045,9912.67578125
37046,7508.69775391
37047,10542.1835938
37048,7068.47900391
37049,5738.89501953
37050,5462.83154297
37051,4912.41650391
37052,9995.03320312
37053,5373.05175781
37054,7912.61132812
37055,15712.1416016
37056,7692.36621094
37057,6429.60742188
37058,5501.46435547
37059,4848.97607422
37060,7117.14013672
37061,4420.81298828
37062,6061.22998047
37063,10470.3974609
37064,5299.47753906
37065,16496.4082031
37066,15345.1025391
37067,5200.74072266
37068,7170.36914062
37069,5999.34033203
37070,7060.10351562
37071,5803.71972656
37072,11689.9697266
37073,7753.95556641
37074,9752.89257812
37075,4828.93017578
37076,7787.93164062
37077,5229.18359375
37078,9338.01660156
37079,7152.93017578
37080,6310.45703125
37081,6685.90673828
37082,6040.1875
37083,8474.12304688
37084,9855.06738281
37085,6292.08349609
37086,10468.9189453
37087,6694.84082031
37088,10364.9863281
37089,5922.07519531
37090,5988.89501953
37091,5631.52685547
37092,11235.5791016
37093,6804.63183594
37094,7828.58740234
37095,7600.24169922
37096,9410.53613281
37097,4822.20996094
37098,8956.36230469
37099,7302.13769531
37100,4259.32373047
37101,15944.0078125
37102,17430.9667969
37103,7759.40820312
37104,7570.98291016
37105,10553.1689453
37106,10457.671875
37107,11481.0244141
37108,5682.30615234
37109,7409.0
37110,6255.23388672
37111,8796.22460938
37112,3975.3762207
37113,6708.19335938
37114,5935.60791016
37115,5992.46582031
37116,7885.88769531
37117,5686.76318359
37118,4998.546875
37119,7476.52441406
37120,4233.12109375
37121,5304.03369141
37122,6330.74951172
37123,7406.71777344
37124,9737.90039062
37125,8904.91503906
37126,7502.19775391
37127,6294.640625
37128,6787.67382812
37129,11571.7412109
37130,7483.62304688
37131,5759.49755859
37132,5263.27197266
37133,10779.9560547
37134,4531.3359375
37135,7020.20996094
37136,3417.67236328
37137,5762.12402344
37138,7465.53613281
37139,6717.14453125
37140,5783.19628906
37141,9681.15136719
37142,9700.58886719
37143,13119.8251953
37144,6462.11914062
37145,9822.01757812
37146,3233.42651367
37147,5735.55664062
37148,6555.58251953
37149,5010.60009766
37150,8789.52246094
37151,5640.64453125
37152,5065.09326172
37153,9044.58496094
37154,12085.1572266
37155,9744.55273438
37156,5614.41748047
37157,5444.43261719
37158,13864.3583984
37159,10298.9726562
37160,6468.93310547
37161,5627.90771484
37162,7465.71435547
37163,10475.0214844
37164,5078.55175781
37165,6078.35546875
37166,8634.19433594
37167,8503.23046875
37168,14181.6777344
37169,6776.21191406
37170,12997.1240234
37171,7443.05517578
37172,5359.91699219
37173,3557.24804688
37174,6518.6328125
37175,6594.84863281
37176,6030.74609375
37177,7600.37939453
37178,5375.50244141
37179,4671.65380859
37180,7716.82958984
37181,3853.59521484
37182,7968.45166016
37183,7328.33740234
37184,8417.62207031
37185,8845.55859375
37186,5822.52148438
37187,9398.79394531
37188,6688.43310547
37189,6034.43457031
37190,5766.26416016
37191,6064.02294922
37192,11206.5654297
37193,6901.39648438
37194,5303.90234375
37195,8166.83789062
37196,8656.03710938
37197,7678.89990234
37198,6577.42919922
37199,9006.60449219
37200,5775.29638672
37201,6171.42382812
37202,6289.05322266
37203,8948.61816406
37204,6273.21240234
37205,6718.43261719
37206,5742.03808594
37207,5858.44824219
37208,4724.06542969
37209,5737.59765625
37210,8501.60839844
37211,9156.60644531
37212,10819.8291016
37213,11277.4160156
37214,8439.87402344
37215,8686.79589844
37216,5036.30810547
37217,10379.7167969
37218,10742.2480469
37219,7676.94482422
37220,8757.97460938
37221,8370.03515625
37222,6163.60595703
37223,3923.91137695
37224,11471.7646484
37225,7135.79199219
37226,7287.49853516
37227,6332.50683594
37228,3302.19946289
37229,12426.5244141
37230,6662.56884766
37231,5272.32666016
37232,4771.77246094
37233,5537.73876953
37234,6742.09423828
37235,9155.77734375
37236,7097.98876953
37237,5513.35253906
37238,5216.93261719
37239,5007.64306641
37240,3411.71118164
37241,7487.53564453
37242,17631.5214844
37243,4582.75878906
37244,5977.27539062
37245,7488.33544922
37246,5442.60498047
37247,5700.66113281
37248,5235.83203125
37249,4554.1328125
37250,7446.36376953
37251,7225.44970703
37252,4495.66162109
37253,9615.18164062
37254,5973.02929688
37255,5020.70947266
37256,11551.6054688
37257,8529.49023438
37258,10156.9990234
37259,5881.56640625
37260,7151.66796875
37261,5326.41259766
37262,5422.93945312
37263,17349.7128906
37264,10117.4833984
37265,6666.84765625
37266,6482.97949219
37267,5084.28564453
37268,6063.64111328
37269,4490.12451172
37270,10115.5830078
37271,5902.32128906
37272,5747.57763672
37273,7937.97216797
37274,4988.73925781
37275,6729.29003906
37276,7715.49755859
37277,7771.78466797
37278,7616.33007812
37279,4392.85839844
37280,5698.86669922
37281,6630.45947266
37282,9791.24609375
37283,8585.1875
37284,7382.77929688
37285,5257.51171875
37286,8417.88671875
37287,6559.11669922
37288,4877.77050781
37289,7262.04052734
37290,7125.70556641
37291,6501.66259766
37292,6842.81738281
37293,6810.36523438
37294,6607.98339844
37295,5759.53564453
37296,7306.33886719
37297,6907.171875
37298,6892.265625
37299,9817.30761719
37300,6334.33740234
37301,5148.34326172
37302,12474.5224609
37303,6085.96044922
37304,3874.25415039
37305,8159.02832031
37306,9030.43066406
37307,11697.8320312
37308,5306.74609375
37309,6091.39697266
37310,6278.48046875
37311,7460.66064453
37312,6085.81591797
37313,9194.55273438
37314,3300.12426758
37315,6658.59228516
37316,6364.67919922
37317,5871.31494141
37318,5504.67138672
37319,7006.58349609
37320,8774.52148438
37321,6181.19091797
37322,8834.76660156
37323,7814.51708984
37324,8881.20800781
37325,5594.54199219
37326,7105.1015625
37327,6941.48828125
37328,8833.23339844
37329,8825.94824219
37330,3907.59179688
37331,8633.09863281
37332,7866.61083984
37333,7785.97851562
37334,5649.63671875
37335,4871.66552734
37336,8842.33691406
37337,6584.55957031
37338,9103.50488281
37339,7067.24511719
37340,6124.90283203
37341,7792.53076172
37342,7230.57226562
37343,7130.78466797
37344,8202.12207031
37345,5990.80273438
37346,9354.84765625
37347,10921.3818359
37348,8005.46679688
37349,5233.64501953
37350,6102.21289062
37351,4922.39306641
37352,3436.25073242
37353,8647.29003906
37354,5902.82177734
37355,9057.17089844
37356,4754.51660156
37357,6565.03759766
37358,6290.49267578
37359,10582.4482422
37360,5916.37255859
37361,5737.40039062
37362,6087.07568359
37363,7891.56835938
37364,5545.98535156
37365,8020.82128906
37366,7523.61621094
37367,8937.69238281
37368,8121.1171875
37369,6898.20458984
37370,5853.94091797
37371,5363.67138672
37372,5455.77587891
37373,11097.46875
37374,9697.99804688
37375,9749.34082031
37376,14557.3173828
37377,5951.29394531
37378,5459.71679688
37379,6694.11279297
37380,8551.06054688
37381,10742.0722656
37382,7980.88769531
37383,8273.35351562
37384,8418.55273438
37385,7517.88476562
37386,7161.09423828
37387,5794.18945312
37388,5090.99755859
37389,5416.75585938
37390,4008.09594727
37391,5793.48193359
37392,8649.23730469
37393,17480.4785156
37394,7067.08984375
37395,5317.36621094
37396,8493.23535156
37397,4369.58447266
37398,6539.78222656
37399,4496.58398438
37400,9533.66210938
37401,7071.74951172
37402,6619.18652344
37403,14097.703125
37404,11423.4082031
37405,5566.02294922
37406,7349.86279297
37407,4061.72216797
37408,5653.85791016
37409,5564.03222656
37410,8679.40820312
37411,5070.90429688
37412,4824.57958984
37413,6201.56542969
37414,5911.11523438
37415,7250.29541016
37416,7406.82421875
37417,3634.81958008
37418,7272.60449219
37419,8639.67285156
37420,7905.24169922
37421,5479.89746094
37422,5400.76806641
37423,8518.27148438
37424,5106.87744141
37425,9766.76269531
37426,4957.62548828
37427,6112.30859375
37428,7207.53320312
37429,6353.33105469
37430,5074.10693359
37431,6507.76708984
37432,8186.76416016
37433,9744.35839844
37434,10559.5722656
37435,6194.88427734
37436,4350.59472656
37437,5812.75537109
37438,6145.04980469
37439,4920.02734375
37440,6684.59326172
37441,6081.81201172
37442,11955.0742188
37443,8493.92480469
37444,6248.92480469
37445,8057.64990234
37446,4940.67285156
37447,9126.49121094
37448,6297.19238281
37449,14317.8681641
37450,6860.73730469
37451,5895.1640625
37452,5495.65869141
37453,4216.22802734
37454,7541.02392578
37455,20031.4257812
37456,5006.80712891
37457,5073.57421875
37458,9558.59960938
37459,7140.32666016
37460,7515.79833984
37461,8807.31347656
37462,6324.58105469
37463,5385.76171875
37464,4911.45605469
37465,10573.7021484
37466,6434.66259766
37467,7655.03857422
37468,8728.59570312
37469,5086.68261719
37470,8091.69042969
37471,6458.07666016
37472,4681.86083984
37473,8930.32128906
37474,9358.9609375
37475,4818.48535156
37476,7781.78320312
37477,7355.50097656
37478,5609.42333984
37479,9512.66308594
37480,6579.20458984
37481,7861.5703125
37482,4847.81542969
37483,5353.37695312
37484,8023.49169922
37485,4452.46386719
37486,8049.09277344
37487,4887.37402344
37488,6163.89404297
37489,4638.99365234
37490,6451.46435547
37491,6202.85498047
37492,7195.58154297
37493,7478.60009766
37494,8641.7421875
37495,6335.14697266
37496,7903.15332031
37497,7034.74853516
37498,9892.19042969
37499,9681.64941406
37500,7259.15966797
37501,3807.54003906
37502,6120.83203125
37503,7185.99316406
37504,4246.41894531
37505,12241.6855469
37506,5815.86669922
37507,7057.65234375
37508,10918.9960938
37509,6835.36767578
37510,4578.33691406
37511,11922.3037109
37512,10242.0009766
37513,5872.26660156
37514,10044.046875
37515,9797.49609375
37516,6274.23583984
37517,5755.12060547
37518,7010.83544922
37519,6062.12011719
37520,6075.10351562
37521,7148.26464844
37522,4923.22460938
37523,7572.11669922
37524,7444.67333984
37525,7066.49023438
37526,8872.65722656
37527,6175.58691406
37528,7516.82373047
37529,5384.40576172
37530,7708.02441406
37531,7198.12158203
37532,6309.77050781
37533,6931.24023438
37534,7720.88623047
37535,9644.21386719
37536,6016.15869141
37537,5621.99462891
37538,6374.46679688
37539,7574.11035156
37540,8242.75390625
37541,4532.60644531
37542,4420.85888672
37543,8719.65136719
37544,7364.99267578
37545,6147.23681641
37546,7897.84863281
37547,6305.75195312
37548,7858.18212891
37549,5495.60058594
37550,3455.98852539
37551,7616.93994141
37552,6842.04101562
37553,6949.76953125
37554,9984.70507812
37555,9871.14453125
37556,4970.95019531
37557,8086.953125
37558,4477.14892578
37559,2996.5480957
37560,7484.05859375
37561,12770.7119141
37562,7566.88232422
37563,7480.68310547
37564,4836.9609375
37565,6738.37841797
37566,9432.93945312
37567,6943.12402344
37568,8512.15527344
37569,5477.95361328
37570,5045.58300781
37571,5602.09814453
37572,5435.75146484
37573,5425.24169922
37574,5461.37304688
37575,5513.91503906
37576,4513.14941406
37577,7339.72558594
37578,7027.39160156
37579,5956.61523438
37580,6327.27832031
37581,7982.16650391
37582,6228.34814453
37583,4893.67138672
37584,9650.97753906
37585,7980.64404297
37586,5629.97509766
37587,3987.60571289
37588,11609.09375
37589,6785.41503906
37590,5992.88330078
37591,8568.08203125
37592,8728.96191406
37593,7707.84082031
37594,6280.65478516
37595,7737.72460938
37596,9889.27539062
37597,14516.8466797
37598,5453.30957031
37599,5236.71142578
37600,5315.37353516
37601,6889.47265625
37602,6202.57128906
37603,9234.40917969
37604,8829.05566406
37605,6384.61669922
37606,4265.06005859
37607,6332.14404297
37608,10659.5175781
37609,5205.10791016
37610,7822.58642578
37611,4340.85302734
37612,7721.44580078
37613,8505.36230469
37614,7559.01220703
37615,9656.28027344
37616,6756.68847656
37617,4574.97558594
37618,6186.90087891
37619,7391.70703125
37620,9153.14941406
37621,7653.08935547
37622,8070.078125
37623,6729.62402344
37624,4544.63330078
37625,10189.5332031
37626,4674.01220703
37627,9414.64746094
37628,6298.91699219
37629,4920.19628906
37630,7987.21582031
37631,6234.20214844
37632,7681.58837891
37633,8247.37792969
37634,3874.67944336
37635,4626.65527344
37636,8880.39453125
37637,9628.25878906
37638,10243.7402344
37639,6042.80957031
37640,6308.00732422
37641,6981.68066406
37642,6541.20410156
37643,5323.48144531
37644,10291.1757812
37645,8951.98242188
37646,11944.5546875
37647,4872.03271484
37648,6076.20507812
37649,9703.06835938
37650,9407.69140625
37651,5586.31933594
37652,10300.9277344
37653,6991.10302734
37654,6143.08691406
37655,5527.84423828
37656,5836.56201172
37657,5324.05078125
37658,6683.14013672
37659,5050.91845703
37660,5059.27001953
37661,9114.25195312
37662,6771.19775391
37663,23403.6230469
37664,6883.39013672
37665,4961.39599609
37666,8371.73535156
37667,12389.8261719
37668,7204.81152344
37669,8141.94189453
37670,6253.85009766
37671,8684.0703125
37672,8874.89160156
37673,6161.19580078
37674,6099.04736328
37675,7519.78564453
37676,9136.0625
37677,7819.125
37678,9182.94042969
37679,6909.97216797
37680,5299.37109375
37681,6150.22167969
37682,11002.3652344
37683,11706.6611328
37684,11643.3027344
37685,8801.85546875
37686,5625.68017578
37687,6230.57617188
37688,5102.84570312
37689,8577.65722656
37690,11749.4912109
37691,10067.2763672
37692,6641.32714844
37693,6319.26269531
37694,5207.84960938
37695,6253.95751953
37696,11164.9365234
37697,7328.34472656
37698,5550.55273438
37699,5830.51367188
37700,8156.5234375
37701,3746.92822266
37702,8496.53320312
37703,5028.91992188
37704,6987.63623047
37705,7702.10839844
37706,6337.61914062
37707,8046.88964844
37708,7497.23339844
37709,5703.38037109
37710,7687.93554688
37711,8114.48974609
37712,11922.65625
37713,6541.31054688
37714,9778.40527344
37715,8701.02441406
37716,10883.2314453
37717,7756.41162109
37718,10405.7666016
37719,5591.26660156
37720,5692.26074219
37721,7192.0546875
37722,6630.87695312
37723,10071.5585938
37724,8238.85546875
37725,6522.61328125
37726,8271.98828125
37727,7120.38623047
37728,10283.7587891
37729,4217.6640625
37730,15001.7529297
37731,5374.07226562
37732,6524.00097656
37733,9644.82128906
37734,5869.12548828
37735,7250.03955078
37736,6363.96923828
37737,8479.40234375
37738,5672.93212891
37739,6145.35498047
37740,8202.28613281
37741,8369.69140625
37742,8870.45703125
37743,5566.15039062
37744,7856.92285156
37745,12189.2929688
37746,7289.02148438
37747,5943.81152344
37748,7223.19677734
37749,6232.18066406
37750,6421.26611328
37751,8254.76757812
37752,4270.86572266
37753,9267.60253906
37754,6884.8671875
37755,7828.90087891
37756,10186.0253906
37757,4988.41113281
37758,6377.05761719
37759,5801.03564453
37760,9167.08300781
37761,9861.70605469
37762,5278.09814453
37763,5106.49755859
37764,7442.62890625
37765,6410.28173828
37766,6497.90527344
37767,8463.84082031
37768,7233.05566406
37769,8308.71777344
37770,6715.79931641
37771,4788.64355469
37772,7860.19091797
37773,7934.69433594
37774,9431.58984375
37775,8827.65722656
37776,8916.04785156
37777,6580.60449219
37778,9894.29394531
37779,6741.40625
37780,7581.04150391
37781,9786.37207031
37782,6816.92919922
37783,11492.9326172
37784,9197.5
37785,8678.43945312
37786,6332.17431641
37787,7713.83496094
37788,9057.32617188
37789,7424.04589844
37790,4376.33398438
37791,6056.37548828
37792,9306.265625
37793,6557.93457031
37794,5000.74072266
37795,9405.69140625
37796,7133.27441406
37797,6063.83740234
37798,6419.05566406
37799,6002.19091797
37800,9086.58984375
37801,7621.48974609
37802,7818.00683594
37803,6203.21582031
37804,6069.40429688
37805,7230.48974609
37806,4509.43994141
37807,7839.26464844
37808,6338.23535156
37809,9422.22949219
37810,8268.91992188
37811,6887.74414062
37812,12862.2783203
37813,7030.42236328
37814,5247.2265625
37815,11837.4951172
37816,7450.37060547
37817,9011.58789062
37818,8371.92675781
37819,5679.67822266
37820,6780.50488281
37821,6016.51464844
37822,8685.80957031
37823,13716.9697266
37824,7892.14794922
37825,3709.50756836
37826,5202.09521484
37827,9654.6875
37828,9739.38671875
37829,7740.80957031
37830,7793.51220703
37831,5198.32080078
37832,5830.70263672
37833,3704.0480957
37834,5520.99902344
37835,6969.06591797
37836,7940.50146484
37837,7709.01708984
37838,6704.24707031
37839,8600.5859375
37840,9882.55273438
37841,8175.27001953
37842,5738.72509766
37843,10550.3720703
37844,12175.2236328
37845,6930.73828125
37846,8645.87109375
37847,5773.02734375
37848,7180.47070312
37849,4650.08691406
37850,9055.87597656
37851,5935.88525391
37852,10038.7890625
37853,7910.92138672
37854,9445.08300781
37855,9145.6875
37856,5985.03417969
37857,10311.7695312
37858,20911.2128906
37859,12329.9072266
37860,7444.765625
37861,3571.26977539
37862,6700.609375
37863,10365.7568359
37864,6272.68017578
37865,12292.4394531
37866,20259.1152344
37867,4482.96923828
37868,6407.67138672
37869,10116.7119141
37870,5486.02148438
37871,9535.0078125
37872,7612.29931641
37873,8912.26464844
37874,4866.00878906
37875,7347.29052734
37876,6995.17871094
37877,8227.37402344
37878,10053.3730469
37879,6471.98828125
37880,6144.98535156
37881,8019.49072266
37882,6205.09179688
37883,5422.28222656
37884,8364.35253906
37885,6555.15722656
37886,6440.57568359
37887,8426.54589844
37888,7514.66552734
37889,6953.14453125
37890,8119.60693359
37891,8225.35839844
37892,9024.69628906
37893,9390.19238281
37894,8254.27148438
37895,5765.76855469
37896,4310.52539062
37897,7099.67529297
37898,8145.80957031
37899,6767.88574219
37900,5216.54492188
37901,10786.7841797
37902,8018.6875
37903,11072.8769531
37904,7580.76660156
37905,6244.75390625
37906,5947.13476562
37907,5229.83251953
37908,11143.8720703
37909,5577.51318359
37910,7953.87255859
37911,17566.53125
37912,7923.25976562
37913,6825.97314453
37914,5622.01123047
37915,5175.04833984
37916,7673.32080078
37917,4520.81005859
37918,6433.20800781
37919,11213.9208984
37920,5440.02050781
37921,17916.1640625
37922,16574.2988281
37923,5328.11474609
37924,7440.66259766
37925,6318.8046875
37926,7662.23388672
37927,6371.87695312
37928,12082.7832031
37929,8020.40820312
37930,10996.0615234
37931,5316.7578125
37932,8186.74121094
37933,5401.74658203
37934,9561.05273438
37935,7531.74414062
37936,6776.28271484
37937,6831.00097656
37938,6125.27636719
37939,9057.97460938
37940,10693.2109375
37941,6227.78955078
37942,11241.2597656
37943,6673.9921875
37944,11098.3261719
37945,6445.47363281
37946,6196.02539062
37947,6029.1015625
37948,11829.6289062
37949,6890.70800781
37950,8061.0859375
37951,7908.61279297
37952,9925.69335938
37953,4765.73583984
37954,10146.1259766
37955,8223.18554688
37956,4601.64257812
37957,16665.5039062
37958,18315.9882812
37959,8168.76953125
37960,8071.33349609
37961,11557.6445312
37962,11482.8203125
37963,12310.4726562
37964,6485.79345703
37965,8314.75878906
37966,6584.47167969
37967,9058.25878906
37968,4438.28417969
37969,7416.96142578
37970,6217.19482422
37971,6301.09228516
37972,8319.77148438
37973,5937.98583984
37974,5581.79199219
37975,7686.46191406
37976,4350.62792969
37977,5314.55761719
37978,6690.16796875
37979,7535.64550781
37980,10162.8330078
37981,9122.34863281
37982,7702.37304688
37983,6271.55566406
37984,6984.73730469
37985,12479.6513672
37986,8121.48974609
37987,6311.01660156
37988,5389.83203125
37989,11029.1044922
37990,4629.94873047
37991,7075.72314453
37992,3720.9621582
37993,6008.57177734
37994,8267.31933594
37995,7140.6875
37996,5773.51757812
37997,9705.36523438
37998,10139.9726562
37999,13467.6230469
38000,7143.3984375
38001,9712.50390625
38002,3405.07177734
38003,5977.12158203
38004,6874.76171875
38005,5214.32128906
38006,8979.78222656
38007,6080.79638672
38008,5415.56298828
38009,9541.65820312
38010,12818.6689453
38011,10039.7753906
38012,5960.96337891
38013,5984.57177734
38014,12983.7802734
38015,9253.70019531
38016,7219.36035156
38017,5964.921875
38018,7794.58984375
38019,11754.0185547
38020,4950.57519531
38021,6658.56689453
38022,9062.66699219
38023,9001.89746094
38024,16145.7070312
38025,7003.75097656
38026,13799.625
38027,7666.11523438
38028,5725.59716797
38029,3994.13061523
38030,7085.11035156
38031,6906.25585938
38032,6463.16650391
38033,7482.93115234
38034,5514.75683594
38035,5096.56103516
38036,7912.43798828
38037,4150.80273438
38038,8395.95605469
38039,7741.1640625
38040,9201.94921875
38041,9459.95898438
38042,6058.56542969
38043,10132.8095703
38044,6929.27050781
38045,6177.53076172
38046,5889.50976562
38047,5712.51611328
38048,11814.4746094
38049,7444.51025391
38050,5624.84863281
38051,8242.90332031
38052,9004.53417969
38053,8320.24023438
38054,7180.70410156
38055,9420.93554688
38056,5990.54003906
38057,6277.07958984
38058,6734.58740234
38059,8861.97460938
38060,7257.70556641
38061,7455.43212891
38062,6181.24462891
38063,6177.64892578
38064,5071.25732422
38065,5938.40527344
38066,8631.04101562
38067,9906.30566406
38068,11477.9365234
38069,12092.9863281
38070,8855.51953125
38071,9344.02148438
38072,5172.43261719
38073,10941.1494141
38074,11513.6689453
38075,8036.64990234
38076,9614.66796875
38077,10097.2685547
38078,6475.84765625
38079,4500.53564453
38080,12123.0566406
38081,7588.6953125
38082,7958.19042969
38083,6861.98046875
38084,3586.84521484
38085,13282.9990234
38086,6730.81835938
38087,5754.98339844
38088,4898.10839844
38089,5824.26611328
38090,7575.04199219
38091,10019.8398438
38092,7203.63671875
38093,5657.28320312
38094,5433.28417969
38095,5079.75390625
38096,3670.83569336
38097,7888.91162109
38098,18551.7617188
38099,5002.38671875
38100,6205.24560547
38101,7977.46337891
38102,5883.99609375
38103,6025.24414062
38104,5237.68505859
38105,4951.18847656
38106,8027.79394531
38107,7380.88574219
38108,4812.12841797
38109,10103.7910156
38110,6696.82080078
38111,5430.47070312
38112,11926.3642578
38113,9090.69042969
38114,10673.1796875
38115,6752.03710938
38116,8016.93603516
38117,5516.81933594
38118,5846.80322266
38119,17243.0839844
38120,10360.5585938
38121,6911.15185547
38122,7099.51953125
38123,5070.59423828
38124,6332.265625
38125,5002.84960938
38126,11182.1367188
38127,6250.68945312
38128,6100.27539062
38129,8050.61279297
38130,5211.87451172
38131,7208.26904297
38132,8465.32617188
38133,8205.42382812
38134,8050.85888672
38135,5103.81396484
38136,5955.10986328
38137,6587.51220703
38138,10694.9560547
38139,9213.51464844
38140,7752.29150391
38141,5548.55712891
38142,8596.953125
38143,6926.93115234
38144,4743.09667969
38145,7858.57910156
38146,7632.60498047
38147,7124.95800781
38148,7204.96972656
38149,7523.70214844
38150,6885.72119141
38151,6229.90429688
38152,7651.97998047
38153,7023.37744141
38154,7617.41259766
38155,10184.7910156
38156,6548.72705078
38157,5501.36474609
38158,13272.1474609
38159,6660.45947266
38160,3858.21118164
38161,9086.76269531
38162,9241.47460938
38163,12625.9990234
38164,5312.45410156
38165,6625.61035156
38166,6671.33203125
38167,7888.76904297
38168,6883.33105469
38169,9720.74316406
38170,3595.17651367
38171,7228.58642578
38172,6673.87792969
38173,6200.37646484
38174,6066.92724609
38175,7199.04833984
38176,9674.33007812
38177,6716.47851562
38178,9659.07128906
38179,8429.98730469
38180,9415.671875
38181,5180.32275391
38182,7668.16308594
38183,7412.65478516
38184,9070.78710938
38185,9091.81640625
38186,4258.07666016
38187,8575.89746094
38188,8118.77880859
38189,8234.00097656
38190,5810.12255859
38191,5166.57470703
38192,9673.24121094
38193,7250.40625
38194,9584.63671875
38195,7440.85449219
38196,6538.24169922
38197,8438.07910156
38198,8540.9609375
38199,8311.41308594
38200,8650.65625
38201,6485.67626953
38202,9868.71582031
38203,11381.7988281
38204,8768.80664062
38205,5741.59375
38206,6552.16943359
38207,4971.77050781
38208,3906.63378906
38209,9507.6640625
38210,6129.79443359
38211,10335.4013672
38212,4934.67236328
38213,6816.02539062
38214,6841.63623047
38215,10659.7714844
38216,5875.36474609
38217,5956.96777344
38218,6468.64941406
38219,8578.54882812
38220,5912.15332031
38221,7881.0
38222,7332.21777344
38223,9205.95996094
38224,8271.18359375
38225,7235.18066406
38226,6084.44042969
38227,5647.60009766
38228,5546.89550781
38229,12577.9462891
38230,10206.1748047
38231,10191.9052734
38232,14987.3232422
38233,6725.78662109
38234,5765.10351562
38235,7639.52441406
38236,9119.49609375
38237,11287.5419922
38238,8346.47753906
38239,9103.79980469
38240,8961.12207031
38241,7938.69921875
38242,7474.39257812
38243,6233.20947266
38244,5595.0546875
38245,5587.03369141
38246,4344.46533203
38247,6477.1328125
38248,9192.7734375
38249,18501.7226562
38250,7597.51660156
38251,5514.14111328
38252,9092.0078125
38253,4390.1484375
38254,6665.02880859
38255,4687.45556641
38256,10259.1787109
38257,7024.68457031
38258,7313.27636719
38259,15444.8564453
38260,11226.3554688
38261,6253.42089844
38262,7588.97802734
38263,4172.23486328
38264,5725.859375
38265,5885.25341797
38266,8909.18847656
38267,5468.66064453
38268,4898.13623047
38269,6772.71582031
38270,6125.88427734
38271,8126.22412109
38272,7873.08886719
38273,3952.30371094
38274,7663.28613281
38275,9633.51269531
38276,8146.79638672
38277,6211.04833984
38278,5524.27539062
38279,9499.54296875
38280,5361.93701172
38281,10411.6435547
38282,5211.96923828
38283,6442.70751953
38284,7474.35009766
38285,6658.58544922
38286,5192.73046875
38287,6617.046875
38288,8671.40722656
38289,10185.8984375
38290,11224.5253906
38291,6342.95849609
38292,4677.12988281
38293,6042.82714844
38294,6542.09667969
38295,5379.52880859
38296,7244.30957031
38297,6364.04785156
38298,12837.9882812
38299,8959.49023438
38300,6667.19726562
38301,8380.57910156
38302,5377.39501953
38303,9817.61621094
38304,6659.92626953
38305,15543.0351562
38306,7201.12939453
38307,6074.01416016
38308,5945.79638672
38309,4656.19482422
38310,8068.28515625
38311,19829.5800781
38312,4877.32861328
38313,5288.63037109
38314,10913.9990234
38315,7733.36376953
38316,7822.72070312
38317,9061.96679688
38318,6818.02148438
38319,5325.59423828
38320,5401.84960938
38321,11712.8037109
38322,6949.75
38323,8121.96972656
38324,9040.18554688
38325,5351.0390625
38326,8480.03320312
38327,7177.25927734
38328,4657.51367188
38329,9787.00683594
38330,10716.765625
38331,4957.94238281
38332,8132.69775391
38333,7735.24511719
38334,5708.67626953
38335,9750.77246094
38336,6659.44970703
38337,8259.06738281
38338,5060.06640625
38339,5787.41162109
38340,8055.46728516
38341,4616.39257812
38342,8747.22265625
38343,5097.58203125
38344,6786.32128906
38345,5070.38671875
38346,6847.87744141
38347,6523.69580078
38348,7718.36816406
38349,7984.59570312
38350,9155.30566406
38351,6667.24804688
38352,8382.45800781
38353,6984.71777344
38354,10326.0703125
38355,10078.7470703
38356,7620.00683594
38357,3745.2487793
38358,6661.94677734
38359,7980.12695312
38360,4274.13427734
38361,12293.6826172
38362,6067.37841797
38363,7755.59765625
38364,11857.3027344
38365,7492.35058594
38366,4870.48974609
38367,12553.28125
38368,10806.6171875
38369,6067.67382812
38370,11105.8867188
38371,11219.4091797
38372,6262.70849609
38373,6285.96484375
38374,7732.95800781
38375,6649.02832031
38376,6370.44921875
38377,7557.08007812
38378,5331.60742188
38379,8233.49023438
38380,7856.765625
38381,7906.94580078
38382,9436.28710938
38383,6652.56787109
38384,8107.58105469
38385,5790.63134766
38386,8189.46630859
38387,7656.44775391
38388,6771.75341797
38389,7277.50341797
38390,8125.40185547
38391,10614.6044922
38392,6496.26953125
38393,6182.70654297
38394,7015.08251953
38395,7415.32080078
38396,9255.65039062
38397,4698.10058594
38398,4907.97607422
38399,8419.38867188
38400,7375.68505859
38401,6848.21044922
38402,8683.51464844
38403,6425.05859375
38404,7973.77392578
38405,5625.26708984
38406,3804.72973633
38407,8155.23925781
38408,7365.72998047
38409,8499.734375
38410,10646.6435547
38411,9918.12304688
38412,5229.54296875
38413,8841.40917969
38414,4655.78564453
38415,3374.45556641
38416,8156.3828125
38417,13827.3173828
38418,7917.26953125
38419,8191.76318359
38420,5546.40332031
38421,7622.84912109
38422,9968.39550781
38423,7448.88574219
38424,8926.36132812
38425,5537.39599609
38426,5410.25
38427,6058.23583984
38428,5843.83154297
38429,5918.37646484
38430,5899.90039062
38431,5870.38525391
38432,4820.78857422
38433,7856.74316406
38434,8300.42480469
38435,6274.08642578
38436,7129.43115234
38437,8373.55664062
38438,6708.98095703
38439,5258.04833984
38440,9609.53417969
38441,8171.73144531
38442,5643.66357422
38443,4464.77636719
38444,13962.6621094
38445,6949.59082031
38446,7007.13818359
38447,9116.83398438
38448,8947.46582031
38449,8425.15625
38450,6679.46240234
38451,8125.64208984
38452,11249.8720703
38453,15487.5302734
38454,6084.921875
38455,5869.02441406
38456,5366.38330078
38457,7382.98388672
38458,6384.68359375
38459,9002.00976562
38460,9818.96484375
38461,6724.72851562
38462,4712.77734375
38463,6999.65673828
38464,11500.5761719
38465,5726.76660156
38466,8374.88183594
38467,4537.41699219
38468,8039.40234375
38469,9045.28320312
38470,8168.39550781
38471,10582.2675781
38472,7517.19628906
38473,4792.07519531
38474,6401.58691406
38475,8567.4609375
38476,9780.17675781
38477,8065.61523438
38478,8303.56835938
38479,7324.33349609
38480,5033.60888672
38481,10980.7490234
38482,4743.60351562
38483,10360.0449219
38484,6430.15332031
38485,4872.44140625
38486,8683.68847656
38487,6870.47460938
38488,8059.96337891
38489,8721.82226562
38490,4190.31054688
38491,5101.42480469
38492,9536.57226562
38493,10379.8359375
38494,10610.4736328
38495,6094.47119141
38496,7001.58642578
38497,7852.11328125
38498,6886.58154297
38499,5878.85205078
38500,11232.0214844
38501,9719.6484375
38502,12856.9433594
38503,5076.25146484
38504,6772.90332031
38505,10119.8876953
38506,9867.46386719
38507,6553.53857422
38508,11461.2763672
38509,7566.21142578
38510,6719.68212891
38511,5992.63183594
38512,6433.04833984
38513,5907.64355469
38514,7593.19873047
38515,5551.0078125
38516,5668.46972656
38517,9857.83203125
38518,6981.60742188
38519,24047.7441406
38520,7102.78417969
38521,5501.07617188
38522,9285.40332031
38523,14572.125
38524,8619.74609375
38525,10344.0498047
38526,7264.59033203
38527,10185.8408203
38528,10746.4794922
38529,7859.95117188
38530,7061.61865234
38531,9350.19921875
38532,10735.015625
38533,9630.12304688
38534,10367.3886719
38535,8750.28515625
38536,6440.34863281
38537,8243.61035156
38538,13954.2617188
38539,13865.5351562
38540,13588.5947266
38541,11939.828125
38542,5961.99804688
38543,7669.94042969
38544,5977.78271484
38545,10325.6855469
38546,15619.2382812
38547,11641.8925781
38548,9165.58886719
38549,8053.27783203
38550,5082.87011719
38551,8218.32324219
38552,13280.8837891
38553,9040.56542969
38554,7556.10009766
38555,7381.88525391
38556,9574.33007812
38557,4429.90087891
38558,10352.4287109
38559,6405.16601562
38560,8762.79589844
38561,9542.80566406
38562,7884.21826172
38563,9724.85058594
38564,9581.79492188
38565,6858.07421875
38566,8850.94238281
38567,10397.2939453
38568,15134.4970703
38569,8126.76660156
38570,11963.3554688
38571,10300.4658203
38572,12761.4453125
38573,9947.51855469
38574,12876.2714844
38575,7000.9453125
38576,6658.74462891
38577,8760.61523438
38578,8470.89941406
38579,12270.8857422
38580,10627.8847656
38581,8224.69140625
38582,10753.3798828
38583,8690.40917969
38584,12498.9599609
38585,5024.47558594
38586,17409.1855469
38587,6508.86621094
38588,7844.11865234
38589,11109.7851562
38590,6959.21533203
38591,9554.30664062
38592,7933.37792969
38593,11093.7539062
38594,7177.37597656
38595,7200.20849609
38596,10451.6386719
38597,10302.0478516
38598,11232.3320312
38599,7134.77099609
38600,9289.62109375
38601,16101.28125
38602,8809.26269531
38603,7141.35498047
38604,9194.96582031
38605,7148.09472656
38606,7433.14404297
38607,9741.15234375
38608,5004.76806641
38609,12838.5146484
38610,8381.81835938
38611,9943.52636719
38612,12934.3671875
38613,5215.07714844
38614,8076.72412109
38615,7372.35107422
38616,11701.1464844
38617,11251.6533203
38618,6340.90185547
38619,6510.79736328
38620,9308.58300781
38621,8071.22558594
38622,8157.78369141
38623,10038.1953125
38624,8928.74511719
38625,9779.69238281
38626,8195.20996094
38627,5690.46386719
38628,10349.6943359
38629,9906.91015625
38630,10828.6347656
38631,11331.5087891
38632,11750.3203125
38633,7968.71728516
38634,12953.4394531
38635,8074.95214844
38636,9501.12011719
38637,13002.8652344
38638,8777.40039062
38639,13539.5
38640,10124.3271484
38641,11490.0507812
38642,7957.33251953
38643,8928.71191406
38644,11600.2285156
38645,9347.68457031
38646,5080.77587891
38647,7175.12402344
38648,11580.2861328
38649,8230.38867188
38650,5953.30419922
38651,12090.8759766
38652,8108.82714844
38653,7537.00439453
38654,7678.39453125
38655,7760.61474609
38656,10920.2470703
38657,9389.27050781
38658,9570.06640625
38659,7802.68310547
38660,7623.40917969
38661,9376.375
38662,5415.9453125
38663,8876.12695312
38664,8442.82128906
38665,11295.3291016
38666,9998.08398438
38667,8116.38671875
38668,15945.2851562
38669,8213.02734375
38670,6551.04443359
38671,14117.3066406
38672,8802.33300781
38673,11542.9492188
38674,9569.14550781
38675,7499.97216797
38676,8658.29199219
38677,7409.78417969
38678,10428.6972656
38679,17283.9980469
38680,9767.93652344
38681,4333.03417969
38682,6441.93310547
38683,11921.2460938
38684,12379.5390625
38685,9265.26074219
38686,9692.83007812
38687,6263.26416016
38688,6634.52099609
38689,4217.31787109
38690,6301.02587891
38691,8881.71582031
38692,10369.8808594
38693,8970.22949219
38694,8118.91064453
38695,10589.4355469
38696,12546.8779297
38697,10195.7353516
38698,7312.14599609
38699,12342.4140625
38700,16315.7041016
38701,8992.11621094
38702,10135.1289062
38703,7503.89355469
38704,8966.24316406
38705,6518.98730469
38706,10297.4208984
38707,8106.42138672
38708,11828.8056641
38709,9322.17675781
38710,12361.9121094
38711,10928.7695312
38712,7438.86035156
38713,13673.3837891
38714,23314.578125
38715,15887.5556641
38716,9555.19042969
38717,4374.81445312
38718,8357.375
38719,12391.6230469
38720,7997.68261719
38721,13082.8505859
38722,22132.9824219
38723,5194.6328125
38724,8472.93554688
38725,12330.5771484
38726,6667.66748047
38727,12225.7128906
38728,9700.74707031
38729,11403.5195312
38730,5403.10205078
38731,9011.83691406
38732,8798.65722656
38733,10394.4384766
38734,13474.1757812
38735,8080.4765625
38736,7725.41650391
38737,9644.48046875
38738,7704.40087891
38739,6650.14453125
38740,10070.5791016
38741,8439.65722656
38742,8277.96289062
38743,10468.6289062
38744,8449.71679688
38745,7998.75048828
38746,9502.26171875
38747,10353.1396484
38748,11637.9511719
38749,12699.0625
38750,8824.88769531
38751,6856.93017578
38752,5205.44091797
38753,8400.44140625
38754,9481.76464844
38755,8898.81933594
38756,6179.78222656
38757,12685.0214844
38758,10134.7626953
38759,14751.7988281
38760,8709.6015625
38761,8232.74316406
38762,7411.58691406
38763,6658.17285156
38764,14434.7148438
38765,6909.55029297
38766,9518.01660156
38767,20674.8535156
38768,9790.04101562
38769,8246.59863281
38770,7291.23242188
38771,6042.29638672
38772,9562.02929688
38773,5303.98339844
38774,7507.5234375
38775,12855.4599609
38776,6970.75488281
38777,20225.0800781
38778,18629.2792969
38779,6909.4453125
38780,8984.69140625
38781,7140.57128906
38782,9763.71777344
38783,7502.20507812
38784,15161.2675781
38785,10385.3310547
38786,13289.6005859
38787,6365.29248047
38788,9737.72363281
38789,6759.62158203
38790,11440.8857422
38791,9523.58300781
38792,8835.25488281
38793,8592.83789062
38794,6497.37841797
38795,11987.4433594
38796,12993.3564453
38797,7671.49902344
38798,14331.1054688
38799,8446.37304688
38800,13406.2246094
38801,6992.06347656
38802,7812.62451172
38803,8248.1171875
38804,15997.5322266
38805,8740.43457031
38806,10480.4785156
38807,10407.5224609
38808,12759.8994141
38809,5868.00585938
38810,11510.4960938
38811,9555.31835938
38812,5722.27783203
38813,18761.1484375
38814,20889.8242188
38815,10581.7226562
38816,10280.4541016
38817,14145.5029297
38818,14075.8583984
38819,14343.7958984
38820,8328.1640625
38821,10781.1484375
38822,8458.40136719
38823,11225.4560547
38824,5133.20605469
38825,8640.08398438
38826,7779.14941406
38827,7775.77392578
38828,10128.7324219
38829,6929.37646484
38830,7248.22851562
38831,9701.25585938
38832,5444.92626953
38833,6519.12402344
38834,7650.68066406
38835,9500.04980469
38836,13938.5654297
38837,11031.6923828
38838,9254.75878906
38839,7957.56005859
38840,8607.5703125
38841,15141.9902344
38842,9822.73925781
38843,8003.36767578
38844,6736.875
38845,13998.890625
38846,5545.28710938
38847,8952.69042969
38848,4589.23291016
38849,6851.38574219
38850,10184.9570312
38851,8987.58007812
38852,7666.17382812
38853,12171.6582031
38854,12445.6328125
38855,15101.3056641
38856,8509.2578125
38857,12340.9433594
38858,3978.40722656
38859,7167.94189453
38860,8349.89355469
38861,6394.16650391
38862,9884.484375
38863,7454.7421875
38864,6581.94140625
38865,11897.8251953
38866,15049.5878906
38867,12215.2578125
38868,7153.37353516
38869,7428.79199219
38870,15827.1064453
38871,10397.9677734
38872,8474.09960938
38873,7666.60546875
38874,9913.21386719
38875,13704.1552734
38876,6018.16796875
38877,8094.05175781
38878,11825.1162109
38879,11010.8378906
38880,18257.7207031
38881,8925.68847656
38882,15460.8173828
38883,9639.8828125
38884,6956.03662109
38885,4859.99267578
38886,8219.64941406
38887,8915.63183594
38888,8478.87695312
38889,9542.640625
38890,6896.37548828
38891,6639.00878906
38892,9640.96777344
38893,5151.82617188
38894,9550.34375
38895,9764.50878906
38896,10713.9658203
38897,11927.3535156
38898,8110.65917969
38899,11712.1435547
38900,7887.40673828
38901,7509.87255859
38902,7389.41552734
38903,7085.63085938
38904,13876.3964844
38905,9177.01367188
38906,6754.80712891
38907,10573.7021484
38908,11566.3564453
38909,10488.7978516
38910,9010.23828125
38911,11787.2148438
38912,6875.64746094
38913,6740.50634766
38914,8219.28027344
38915,11098.8564453
38916,8681.23828125
38917,9273.296875
38918,8079.79833984
38919,8095.20263672
38920,6212.43505859
38921,7326.55566406
38922,10791.2304688
38923,12309.0048828
38924,13724.7167969
38925,15080.9111328
38926,11290.1484375
38927,10544.2548828
38928,6060.84277344
38929,12753.3427734
38930,14079.2675781
38931,10520.8691406
38932,11593.7470703
38933,12009.2880859
38934,7578.97412109
38935,5348.09472656
38936,13685.5292969
38937,9730.70507812
38938,9879.98925781
38939,8194.61523438
38940,4529.61132812
38941,16435.9160156
38942,8331.60449219
38943,7160.18652344
38944,5843.74267578
38945,7302.05419922
38946,8715.36816406
38947,12810.8466797
38948,8683.86328125
38949,6617.72851562
38950,6738.80273438
38951,6108.05371094
38952,4077.2109375
38953,9685.32617188
38954,20616.4707031
38955,5828.13378906
38956,7827.48242188
38957,9720.4375
38958,7006.34326172
38959,7508.49023438
38960,6523.70849609
38961,5885.70263672
38962,10483.7763672
38963,9620.09765625
38964,5575.94384766
38965,12755.6289062
38966,8728.73730469
38967,6754.35644531
38968,15079.7753906
38969,11774.8886719
38970,12205.4873047
38971,8261.67480469
38972,9598.10253906
38973,6530.92431641
38974,7054.05908203
38975,19276.9355469
38976,13353.4453125
38977,8886.34277344
38978,9116.53027344
38979,6815.92138672
38980,7767.63525391
38981,5828.21191406
38982,13585.1601562
38983,6981.75390625
38984,6961.73828125
38985,10529.0400391
38986,6520.34277344
38987,8545.91503906
38988,9471.50585938
38989,10494.6210938
38990,10362.6533203
38991,6243.31298828
38992,7317.73486328
38993,8699.57324219
38994,12983.2363281
38995,11068.8642578
38996,10052.7109375
38997,6646.38378906
38998,10413.6396484
38999,8018.58789062
39000,6370.25488281
39001,9059.43457031
39002,9910.70019531
39003,8833.08105469
39004,9296.48144531
39005,9342.8359375
39006,8845.73632812
39007,7572.00830078
39008,9039.66894531
39009,8523.40722656
39010,9629.05761719
39011,12647.65625
39012,7766.92382812
39013,6644.43798828
39014,16977.3574219
39015,8420.15917969
39016,4000.98706055
39017,10149.8818359
39018,11020.7236328
39019,14808.7636719
39020,6016.73242188
39021,8631.21386719
39022,7977.99560547
39023,9340.83105469
39024,8604.58203125
39025,13608.7099609
39026,3823.08056641
39027,9180.3046875
39028,8397.32617188
39029,7325.59130859
39030,7612.04492188
39031,9027.40039062
39032,12479.0683594
39033,7718.34619141
39034,11175.8037109
39035,11147.9853516
39036,12585.5302734
39037,6582.88916016
39038,9409.42285156
39039,8622.12304688
39040,11546.4287109
39041,11496.2441406
39042,5101.63378906
39043,8910.99023438
39044,10413.2216797
39045,10332.5527344
39046,6629.40332031
39047,5649.39404297
39048,12684.0048828
39049,8489.77734375
39050,11995.8261719
39051,9425.078125
39052,7402.50830078
39053,10985.5478516
39054,10378.3017578
39055,10617.9248047
39056,10004.9130859
39057,8583.42675781
39058,11759.7822266
39059,14051.5927734
39060,9297.58105469
39061,6919.35058594
39062,8208.4453125
39063,6176.34667969
39064,4575.29003906
39065,12160.9716797
39066,7765.87207031
39067,12488.7597656
39068,6179.54101562
39069,8447.07421875
39070,8600.00390625
39071,12469.1572266
39072,7289.27832031
39073,7282.92675781
39074,8356.85644531
39075,9947.07324219
39076,7525.68994141
39077,10056.4121094
39078,8762.9296875
39079,10611.7392578
39080,10449.6064453
39081,8745.97070312
39082,7697.45947266
39083,6551.93212891
39084,6962.30273438
39085,15522.1035156
39086,12368.7753906
39087,12617.5117188
39088,16356.8212891
39089,8170.25
39090,6937.33886719
39091,9424.05371094
39092,11336.4375
39093,14258.6298828
39094,10687.8583984
39095,11222.9511719
39096,11852.5205078
39097,9190.16894531
39098,9476.32226562
39099,7916.78613281
39100,7004.50537109
39101,6878.42822266
39102,5336.46142578
39103,8641.89746094
39104,11758.3134766
39105,21423.8574219
39106,9571.17089844
39107,6564.32373047
39108,11304.0048828
39109,5463.89501953
39110,8887.43554688
39111,5309.54638672
39112,12411.328125
39113,9178.19433594
39114,9474.09960938
39115,19654.9433594
39116,12840.6210938
39117,7708.17871094
39118,9503.90136719
39119,4924.56787109
39120,6551.58203125
39121,7004.77929688
39122,11170.9755859
39123,6849.52392578
39124,6084.14990234
39125,7650.19189453
39126,7464.68212891
39127,9793.97363281
39128,11017.5712891
39129,4227.81054688
39130,9884.6640625
39131,11790.8916016
39132,10443.9267578
39133,8469.80859375
39134,6750.13769531
39135,11631.1923828
39136,6632.59082031
39137,12943.0664062
39138,6757.37792969
39139,8836.51855469
39140,9936.38671875
39141,8192.93457031
39142,6050.95361328
39143,8841.82226562
39144,11055.2753906
39145,12116.8955078
39146,14110.0380859
39147,7730.38427734
39148,5535.72167969
39149,7339.94970703
39150,8155.82324219
39151,6282.06884766
39152,9168.81445312
39153,7844.05908203
39154,14778.1884766
39155,12094.5195312
39156,8436.35742188
39157,9801.22558594
39158,6320.62548828
39159,12091.3486328
39160,7556.62646484
39161,17398.015625
39162,9146.25488281
39163,7457.95703125
39164,7597.90771484
39165,5649.47460938
39166,9297.58886719
39167,23723.6113281
39168,6283.82421875
39169,6598.30908203
39170,13094.5605469
39171,9295.87792969
39172,9344.82324219
39173,11431.0693359
39174,8777.9453125
39175,6770.04199219
39176,6374.88623047
39177,13639.2070312
39178,8634.16210938
39179,9392.08300781
39180,10658.0839844
39181,6695.72216797
39182,10020.5751953
39183,8415.34179688
39184,4968.76025391
39185,11484.2011719
39186,12438.8447266
39187,5769.125
39188,10341.5927734
39189,10045.6660156
39190,7280.82177734
39191,12445.2773438
39192,9071.08886719
39193,10338.4375
39194,6564.96240234
39195,7177.98535156
39196,9287.7421875
39197,5767.00683594
39198,10525.0947266
39199,6454.62792969
39200,7880.03808594
39201,6190.13574219
39202,8967.02148438
39203,7176.38330078
39204,9177.72265625
39205,10380.1035156
39206,11479.4365234
39207,8999.57226562
39208,10452.7060547
39209,7797.48291016
39210,12500.4736328
39211,12329.8955078
39212,8976.109375
39213,4146.84912109
39214,7913.82666016
39215,10245.3242188
39216,4971.06445312
39217,14976.3496094
39218,7380.94921875
39219,9353.30371094
39220,13801.7958984
39221,7779.72070312
39222,6317.90087891
39223,14866.5136719
39224,13790.7041016
39225,7139.82958984
39226,12257.1777344
39227,12592.3740234
39228,8213.04296875
39229,6889.94580078
39230,9485.94335938
39231,8101.42773438
39232,7523.515625
39233,9594.33105469
39234,6534.43847656
39235,8686.91992188
39236,10398.6328125
39237,9384.42675781
39238,13142.5048828
39239,8145.60009766
39240,9705.76171875
39241,6687.83300781
39242,9727.58691406
39243,9673.33398438
39244,8671.49804688
39245,8458.43359375
39246,10196.5136719
39247,12754.4609375
39248,8510.79199219
39249,7354.70166016
39250,8886.54589844
39251,9313.15722656
39252,10305.9296875
39253,5756.33984375
39254,5793.94042969
39255,9235.82714844
39256,7882.87939453
39257,8625.77441406
39258,10973.7548828
39259,7662.92041016
39260,9971.22949219
39261,7254.39746094
39262,4569.76806641
39263,10266.5302734
39264,9183.23925781
39265,10218.28125
39266,12694.4736328
39267,11915.8359375
39268,6177.98486328
39269,11175.5371094
39270,5146.50683594
39271,3807.72875977
39272,10050.265625
39273,15226.3896484
39274,9840.54785156
39275,10475.6513672
39276,7101.09082031
39277,9797.70117188
39278,12669.21875
39279,8808.28027344
39280,10687.9814453
39281,6551.06347656
39282,6109.34130859
39283,7108.76855469
39284,7605.36132812
39285,7079.52392578
39286,7675.69238281
39287,7894.01513672
39288,5739.22851562
39289,8993.06738281
39290,10037.9755859
39291,8051.78808594
39292,8076.22265625
39293,10742.7792969
39294,7951.02050781
39295,6248.03710938
39296,12697.0410156
39297,10072.1552734
39298,7069.90820312
39299,5796.66601562
39300,16527.2285156
39301,8631.53515625
39302,9121.60058594
39303,12152.7392578
39304,10595.8417969
39305,10934.1386719
39306,8245.55371094
39307,9322.62109375
39308,13135.7626953
39309,18239.4804688
39310,7569.10546875
39311,7685.51660156
39312,6767.42724609
39313,8970.9140625
39314,8370.68945312
39315,9899.33496094
39316,12585.8173828
39317,7614.68115234
39318,5796.27880859
39319,8459.45019531
39320,13967.8701172
39321,7257.19335938
39322,10920.2578125
39323,4918.32373047
39324,10128.6357422
39325,10191.3505859
39326,10382.9746094
39327,12450.8203125
39328,9615.04394531
39329,6027.42822266
39330,8207.33398438
39331,9634.63378906
39332,11409.6884766
39333,10391.4941406
39334,10890.7490234
39335,9227.67382812
39336,6545.52929688
39337,12737.2363281
39338,5586.05810547
39339,12193.1533203
39340,8030.32080078
39341,6468.22363281
39342,10775.5253906
39343,7838.12060547
39344,9794.44140625
39345,10274.2783203
39346,5275.15820312
39347,6580.86767578
39348,12060.6083984
39349,12391.8359375
39350,12850.5439453
39351,7176.48583984
39352,7795.82421875
39353,10365.9355469
39354,8712.28613281
39355,7183.30712891
39356,13997.5283203
39357,12787.5917969
39358,14381.7128906
39359,6165.45800781
39360,8594.93652344
39361,10662.6591797
39362,12691.3623047
39363,7857.75488281
39364,14967.2675781
39365,9114.11230469
39366,8414.21875
39367,7458.44042969
39368,8401.55566406
39369,7137.89550781
39370,9298.15722656
39371,6936.41845703
39372,7316.82714844
39373,13541.1923828
39374,8478.42382812
39375,27078.7070312
39376,9280.22460938
39377,4314.65527344
39378,4420.58935547
39379,4507.37548828
39380,3244.60595703
39381,5378.99023438
39382,4678.64648438
39383,6188.63037109
39384,5181.44433594
39385,4596.30371094
39386,3380.36450195
39387,5874.45166016
39388,4812.20654297
39389,4037.34765625
39390,5280.97314453
39391,5046.00146484
39392,3730.41210938
39393,3965.80859375
39394,3880.96777344
39395,10060.0673828
39396,5186.72558594
39397,5969.98193359
39398,3505.97998047
39399,4429.88427734
39400,2816.65332031
39401,4787.16845703
39402,5453.21582031
39403,7089.85595703
39404,5881.05029297
39405,3359.04882812
39406,3890.07836914
39407,5583.92773438
39408,6433.41699219
39409,4549.53466797
39410,5456.54589844
39411,4785.50634766
39412,4447.04785156
39413,2629.25537109
39414,6653.79882812
39415,4315.79150391
39416,6264.11230469
39417,5650.99462891
39418,2861.24829102
39419,7133.38330078
39420,5444.49462891
39421,4626.99072266
39422,4027.74633789
39423,7538.73681641
39424,7587.02392578
39425,6205.76074219
39426,5420.08935547
39427,7674.38232422
39428,6764.10400391
39429,5910.01660156
39430,4428.92919922
39431,2565.52661133
39432,2668.32348633
39433,4424.13720703
39434,4519.26660156
39435,4197.9921875
39436,6555.78857422
39437,4577.35058594
39438,8406.63769531
39439,7949.90576172
39440,3470.51171875
39441,3039.84643555
39442,10762.234375
39443,3257.75634766
39444,4474.27978516
39445,5257.57714844
39446,4400.57128906
39447,5705.63867188
39448,2535.98022461
39449,4957.73876953
39450,3777.21704102
39451,4936.74902344
39452,7895.83007812
39453,7024.02099609
39454,5265.48632812
39455,3420.37280273
39456,6741.13623047
39457,9999.34277344
39458,5023.84716797
39459,2858.3918457
39460,6426.97070312
39461,5891.72949219
39462,5129.92626953
39463,8222.99707031
39464,2413.68115234
39465,7313.80664062
39466,3712.62304688
39467,5593.66162109
39468,5064.34912109
39469,2817.78198242
39470,4546.60205078
39471,4875.42138672
39472,7045.015625
39473,5944.46337891
39474,4196.63085938
39475,4296.84667969
39476,6683.90478516
39477,6036.82373047
39478,4945.54833984
39479,4685.35009766
39480,4965.59521484
39481,5667.28027344
39482,4787.77099609
39483,3115.31396484
39484,5838.89501953
39485,4957.81005859
39486,7037.47314453
39487,6134.63134766
39488,5629.68505859
39489,3793.90771484
39490,5231.21923828
39491,3458.98657227
39492,3520.48510742
39493,4938.43945312
39494,6624.47265625
39495,5067.42236328
39496,7274.01269531
39497,6788.140625
39498,4426.61523438
39499,5423.36328125
39500,6840.19384766
39501,4542.52734375
39502,3055.66015625
39503,4684.00048828
39504,4937.08300781
39505,4939.01416016
39506,3127.49609375
39507,4092.5871582
39508,5968.18310547
39509,5961.39550781
39510,5846.34570312
39511,2968.68041992
39512,5609.73925781
39513,5825.61621094
39514,3166.26977539
39515,5248.34228516
39516,3680.31640625
39517,5487.16748047
39518,4086.21289062
39519,3826.46264648
39520,4309.59619141
39521,4431.29589844
39522,6415.08300781
39523,6644.67236328
39524,12217.5537109
39525,4633.21826172
39526,4173.72363281
39527,10063.2636719
39528,4905.50488281
39529,7158.984375
39530,6033.23779297
39531,5180.42138672
39532,5622.42382812
39533,4702.01464844
39534,4468.90966797
39535,8768.37207031
39536,3463.14013672
39537,3414.79785156
39538,2993.07373047
39539,5775.58300781
39540,6210.40283203
39541,6129.98144531
39542,5309.56640625
39543,4318.82226562
39544,2197.64404297
39545,1904.14489746
39546,3220.39892578
39547,4682.31640625
39548,6910.51904297
39549,4361.73925781
39550,4456.80664062
39551,7031.93115234
39552,4893.63427734
39553,6400.03613281
39554,4727.30664062
39555,5913.85644531
39556,8655.69824219
39557,3905.9855957
39558,5925.99658203
39559,3666.21630859
39560,6238.72900391
39561,2847.1640625
39562,5103.98486328
39563,4403.72119141
39564,6482.74462891
39565,5622.92822266
39566,5269.96826172
39567,6072.32910156
39568,4168.54296875
39569,6479.87011719
39570,17805.5585938
39571,6416.68652344
39572,3542.55102539
39573,3180.18261719
39574,5756.43310547
39575,6023.54296875
39576,4367.00976562
39577,15236.4423828
39578,28633.1289062
39579,4678.57080078
39580,3185.6574707
39581,8336.4765625
39582,3321.64892578
39583,4956.00830078
39584,3441.89697266
39585,4936.98876953
39586,6920.59814453
39587,5916.86962891
39588,5424.671875
39589,4572.89013672
39590,6094.87792969
39591,5618.92871094
39592,5102.50488281
39593,6705.28320312
39594,5029.79296875
39595,5668.35644531
39596,6358.04785156
39597,5032.22607422
39598,6028.68164062
39599,4272.69140625
39600,3697.43945312
39601,5651.47460938
39602,4645.98144531
39603,5153.49707031
39604,5971.29248047
39605,6182.26464844
39606,5738.60986328
39607,3667.27954102
39608,3369.89404297
39609,3440.52807617
39610,5359.78417969
39611,5806.44970703
39612,3004.33349609
39613,4555.31884766
39614,5190.89355469
39615,3558.4765625
39616,4924.31396484
39617,4054.2668457
39618,3187.71850586
39619,2423.14599609
39620,6483.80224609
39621,5528.13916016
39622,4357.31445312
39623,13252.9580078
39624,6409.41357422
39625,3315.83618164
39626,5250.29541016
39627,2558.52978516
39628,4058.78637695
39629,3555.08374023
39630,3416.91601562
39631,8033.64550781
39632,4313.46240234
39633,8770.86523438
39634,12239.2568359
39635,4974.29443359
39636,4580.04052734
39637,4155.09277344
39638,4659.84716797
39639,4928.33642578
39640,8749.72558594
39641,5046.19921875
39642,6029.07275391
39643,3213.66577148
39644,5132.49609375
39645,4821.55224609
39646,5769.90576172
39647,6484.13574219
39648,5076.32421875
39649,6270.87939453
39650,8563.98828125
39651,5876.41308594
39652,5569.46972656
39653,6033.1796875
39654,7732.69238281
39655,6165.42822266
39656,6930.08349609
39657,3322.21289062
39658,6078.31494141
39659,4328.66357422
39660,5871.37646484
39661,6668.27197266
39662,6700.46875
39663,5739.56835938
39664,4594.30517578
39665,4667.97021484
39666,6008.53759766
39667,5821.52246094
39668,3036.92749023
39669,11536.0048828
39670,16368.3535156
39671,6448.84375
39672,5578.11962891
39673,6244.89648438
39674,7280.7734375
39675,7701.19775391
39676,2725.60864258
39677,4034.10595703
39678,4575.08886719
39679,7335.07861328
39680,2617.62817383
39681,4019.49438477
39682,4991.20947266
39683,4850.78515625
39684,4757.84619141
39685,3346.40258789
39686,2992.23461914
39687,6215.26855469
39688,4031.95947266
39689,4028.56079102
39690,4713.51025391
39691,4468.33447266
39692,6433.54589844
39693,7824.42919922
39694,4270.59716797
39695,6198.39550781
39696,6068.79101562
39697,10384.4892578
39698,4016.30566406
39699,2834.28857422
39700,4174.22509766
39701,8122.04736328
39702,3890.37866211
39703,6271.11914062
39704,1966.30322266
39705,3409.15722656
39706,4970.25830078
39707,6528.61376953
39708,4531.44824219
39709,6255.60449219
39710,6140.69042969
39711,8954.32128906
39712,2173.40869141
39713,6755.43212891
39714,1977.22546387
39715,3598.27124023
39716,6266.25146484
39717,5028.60839844
39718,9600.10742188
39719,2524.06469727
39720,4319.23046875
39721,3293.18676758
39722,8393.63476562
39723,7351.64355469
39724,4863.05273438
39725,2783.17480469
39726,7858.36181641
39727,8028.68212891
39728,4230.02929688
39729,4322.98583984
39730,8188.88037109
39731,5154.5390625
39732,3411.20336914
39733,4251.89892578
39734,6748.85644531
39735,3917.80737305
39736,10849.2890625
39737,6967.18505859
39738,10439.2460938
39739,6778.0859375
39740,4213.28515625
39741,2206.25756836
39742,6212.328125
39743,5705.51367188
39744,4237.92919922
39745,6687.20166016
39746,4622.33251953
39747,2777.08105469
39748,5894.58496094
39749,3433.84887695
39750,6565.70751953
39751,6788.06933594
39752,7033.19189453
39753,5214.82324219
39754,4675.38085938
39755,5918.48388672
39756,6274.31396484
39757,5437.25
39758,6155.92041016
39759,2973.13305664
39760,9466.890625
39761,6863.09326172
39762,3631.58251953
39763,4457.07910156
39764,5331.38378906
39765,5357.66796875
39766,3804.66430664
39767,3666.18139648
39768,5234.66308594
39769,7998.86474609
39770,4442.75732422
39771,6424.39648438
39772,3629.66723633
39773,3055.4765625
39774,4926.43261719
39775,5119.07470703
39776,3378.72338867
39777,4711.77490234
39778,6507.36425781
39779,2601.01416016
39780,8801.77050781
39781,6933.44873047
39782,6347.59521484
39783,7355.25585938
39784,4169.02832031
39785,9428.08203125
39786,5159.29101562
39787,5930.88232422
39788,4148.67285156
39789,3714.92578125
39790,4891.60449219
39791,2485.84594727
39792,10581.2080078
39793,6288.84960938
39794,5285.13574219
39795,4624.48046875
39796,1417.79797363
39797,6832.68261719
39798,5391.70898438
39799,3322.84057617
39800,3688.71679688
39801,4976.24023438
39802,5734.5390625
39803,4086.86425781
39804,9465.36523438
39805,4523.45849609
39806,3702.23242188
39807,3463.49023438
39808,2667.31567383
39809,4798.37304688
39810,19496.8476562
39811,3673.28417969
39812,5143.92529297
39813,5016.82714844
39814,3979.21557617
39815,3420.27832031
39816,5230.41113281
39817,2729.45043945
39818,9579.62792969
39819,5403.38085938
39820,2778.15844727
39821,6756.83007812
39822,2379.99682617
39823,4139.85742188
39824,6868.30615234
39825,5099.58544922
39826,8452.5625
39827,2663.80371094
39828,4499.72509766
39829,4036.14624023
39830,4159.98242188
39831,13935.9599609
39832,8181.08105469
39833,4040.59179688
39834,3345.81225586
39835,5557.91113281
39836,4533.95166016
39837,2701.17333984
39838,6580.79248047
39839,4874.42626953
39840,5268.35498047
39841,6222.27929688
39842,4619.09277344
39843,4654.14306641
39844,5435.74609375
39845,6725.38867188
39846,6682.67431641
39847,2810.28100586
39848,5522.34179688
39849,5393.89501953
39850,7869.47021484
39851,3645.953125
39852,7052.20214844
39853,2601.41479492
39854,7902.79882812
39855,5127.68603516
39856,3150.33764648
39857,4203.32568359
39858,3745.12744141
39859,4343.52880859
39860,5693.26025391
39861,4520.68066406
39862,5437.56640625
39863,4889.53759766
39864,6485.77490234
39865,7337.41601562
39866,5225.89306641
39867,5870.70458984
39868,5616.42089844
39869,2585.94824219
39870,9259.84472656
39871,3297.93066406
39872,3086.88427734
39873,4993.3671875
39874,6751.78613281
39875,9020.62597656
39876,4181.71728516
39877,3597.82519531
39878,5835.47119141
39879,5977.78271484
39880,3993.19335938
39881,6567.34863281
39882,2978.02978516
39883,4895.37548828
39884,3903.41918945
39885,3524.1003418
39886,3141.22338867
39887,6062.55957031
39888,5223.54052734
39889,6052.55224609
39890,5359.96337891
39891,7746.86621094
39892,4944.00585938
39893,4303.57373047
39894,5248.44287109
39895,4864.71826172
39896,6577.59814453
39897,5398.93408203
39898,2137.45141602
39899,12364.3046875
39900,6904.90576172
39901,5669.50830078
39902,5490.72314453
39903,3485.47827148
39904,9345.8671875
39905,3211.86987305
39906,6001.69824219
39907,4635.32666016
39908,4574.32958984
39909,6014.85058594
39910,4603.72802734
39911,3957.62304688
39912,6800.64794922
39913,2859.62597656
39914,6224.36279297
39915,8495.78027344
39916,5177.13183594
39917,2868.81396484
39918,4871.05712891
39919,4011.10620117
39920,2351.38256836
39921,4669.75634766
39922,6197.79833984
39923,3775.26464844
39924,4401.91503906
39925,5016.20996094
39926,4901.10351562
39927,8635.99023438
39928,4964.47753906
39929,5653.50195312
39930,3949.22460938
39931,5315.90087891
39932,5805.5078125
39933,5311.34960938
39934,6343.83642578
39935,7286.06689453
39936,6679.78125
39937,5355.31787109
39938,3852.53662109
39939,2637.54345703
39940,5007.83398438
39941,7654.68798828
39942,4763.28662109
39943,5556.59130859
39944,15979.0205078
39945,3331.63891602
39946,4019.03808594
39947,4320.86669922
39948,5126.43408203
39949,6556.70849609
39950,7832.22460938
39951,6463.70898438
39952,5937.58398438
39953,6927.20898438
39954,5948.20117188
39955,4661.23828125
39956,2292.29833984
39957,4452.16699219
39958,3129.34326172
39959,3181.93969727
39960,4102.25683594
39961,14814.484375
39962,4958.49121094
39963,2665.30737305
39964,4523.51855469
39965,4233.97753906
39966,4189.67089844
39967,2290.02368164
39968,4168.82910156
39969,6231.49169922
39970,3213.56152344
39971,10718.421875
39972,12244.5351562
39973,3127.93139648
39974,4727.31542969
39975,3529.94799805
39976,4156.78173828
39977,4024.42041016
39978,6035.51123047
39979,3436.98852539
39980,4370.53564453
39981,4769.93847656
39982,4852.23388672
39983,4502.77734375
39984,6746.01855469
39985,3174.04516602
39986,7423.97558594
39987,6142.90478516
39988,4305.25732422
39989,2929.48046875
39990,3628.75
39991,4140.25634766
39992,4390.48388672
39993,6890.89160156
39994,4000.01000977
39995,2736.56591797
39996,5791.07861328
39997,4660.07763672
39998,4839.48974609
39999,4291.42333984
40000,6352.08300781
40001,8191.56787109
40002,4172.84765625
40003,5094.15527344
40004,3677.41064453
40005,4491.76123047
40006,5882.80615234
40007,3694.44262695
40008,4437.05664062
40009,4670.06347656
40010,9545.79980469
40011,6962.28955078
40012,3228.37182617
40013,4836.25976562
40014,4435.05126953
40015,3778.85327148
40016,5465.67236328
40017,9541.74023438
40018,6541.65966797
40019,4284.32275391
40020,3931.8996582
40021,2240.46069336
40022,3767.47241211
40023,18296.0507812
40024,2422.57714844
40025,4429.38574219
40026,4094.02368164
40027,6182.35888672
40028,5285.99755859
40029,6404.62841797
40030,5521.31005859
40031,5209.11132812
40032,2958.28491211
40033,6312.23242188
40034,4259.01904297
40035,5920.81005859
40036,7725.35009766
40037,4152.83398438
40038,7124.95800781
40039,5652.08935547
40040,3631.83178711
40041,4624.94335938
40042,3497.81567383
40043,2821.43896484
40044,7761.93261719
40045,6300.50292969
40046,2821.84545898
40047,7212.73242188
40048,7759.94140625
40049,3676.14794922
40050,4854.12255859
40051,3135.73242188
40052,4385.63671875
40053,3807.25292969
40054,5782.18652344
40055,2736.42089844
40056,5629.00292969
40057,2981.18505859
40058,5185.11816406
40059,5654.17626953
40060,3702.64916992
40061,5742.95214844
40062,6677.76806641
40063,6113.74853516
40064,6912.85302734
40065,5079.26416016
40066,4668.29541016
40067,6075.53808594
40068,6112.83300781
40069,4146.20019531
40070,5513.61035156
40071,4509.18212891
40072,3692.35693359
40073,9834.62695312
40074,5213.91357422
40075,5102.68945312
40076,8503.88671875
40077,5567.97167969
40078,2195.93676758
40079,8063.40771484
40080,6631.40185547
40081,5580.75927734
40082,5836.38378906
40083,5701.96044922
40084,7482.21728516
40085,5051.453125
40086,4409.33251953
40087,3737.35083008
40088,5812.84960938
40089,6814.30273438
40090,2474.63793945
40091,8825.56054688
40092,5839.58544922
40093,5059.19287109
40094,5898.74121094
40095,4220.67041016
40096,6467.88427734
40097,3480.18237305
40098,4764.24560547
40099,4537.88427734
40100,2883.71508789
40101,5278.68652344
40102,6650.44238281
40103,6241.51464844
40104,5809.64599609
40105,4112.80859375
40106,5245.88964844
40107,5729.82080078
40108,7729.38183594
40109,2806.69360352
40110,2871.27270508
40111,6880.30517578
40112,10886.1376953
40113,4197.19140625
40114,6316.43652344
40115,6127.9765625
40116,5279.61376953
40117,3325.22509766
40118,1621.2635498
40119,6845.89208984
40120,5057.61474609
40121,5162.32373047
40122,8396.97265625
40123,4545.63085938
40124,3514.09643555
40125,3165.99804688
40126,3216.12841797
40127,1047.57910156
40128,5483.92871094
40129,9652.04492188
40130,4677.375
40131,4788.72070312
40132,3078.12695312
40133,5118.40087891
40134,6848.43310547
40135,5643.79785156
40136,7226.47705078
40137,4143.56689453
40138,4487.546875
40139,3440.42944336
40140,6144.97998047
40141,3440.53759766
40142,2395.29345703
40143,3933.10009766
40144,4109.53369141
40145,5554.19628906
40146,3671.60961914
40147,4212.49365234
40148,5330.7734375
40149,6850.94824219
40150,5029.16015625
40151,3408.43212891
40152,5751.87744141
40153,5447.70507812
40154,5723.04199219
40155,2212.55639648
40156,4714.50830078
40157,4892.74267578
40158,4002.20458984
40159,4914.12695312
40160,6901.67919922
40161,5357.87255859
40162,6292.75537109
40163,5776.76757812
40164,5971.68505859
40165,9904.95410156
40166,3577.95678711
40167,3194.5559082
40168,3888.21582031
40169,4748.69726562
40170,5584.36962891
40171,6186.22216797
40172,4666.45703125
40173,6023.12353516
40174,3121.05810547
40175,5957.59863281
40176,5738.42382812
40177,3544.20043945
40178,5770.47900391
40179,3246.93432617
40180,6155.97949219
40181,5876.6484375
40182,4913.75683594
40183,5456.11962891
40184,3638.12207031
40185,4714.37353516
40186,6466.62597656
40187,4089.71850586
40188,7164.97509766
40189,4696.06152344
40190,8400.73046875
40191,5431.15966797
40192,3400.88745117
40193,5966.25927734
40194,3051.59643555
40195,8255.83007812
40196,5006.66845703
40197,4766.95458984
40198,6151.49462891
40199,4313.08740234
40200,4156.78564453
40201,5261.01318359
40202,3236.01245117
40203,2792.21704102
40204,6156.16162109
40205,4335.96142578
40206,7179.12890625
40207,5234.52880859
40208,5100.17919922
40209,3407.51538086
40210,5709.81445312
40211,2705.75
40212,9206.59179688
40213,5065.02539062
40214,11229.4931641
40215,5474.59960938
40216,4951.54785156
40217,13129.6884766
40218,5610.53125
40219,3024.21240234
40220,7590.62841797
40221,6181.16748047
40222,4930.00537109
40223,5999.87255859
40224,4847.88964844
40225,3058.72241211
40226,4740.69970703
40227,2959.72192383
40228,2847.88793945
40229,5305.37451172
40230,5556.35791016
40231,22225.4394531
40232,6372.91064453
40233,5009.42480469
40234,4849.92919922
40235,7919.98046875
40236,3737.81762695
40237,6261.26318359
40238,5308.70556641
40239,6152.89160156
40240,6285.37109375
40241,4820.83007812
40242,3591.00146484
40243,6199.97998047
40244,5934.125
40245,4527.35253906
40246,5929.29296875
40247,5444.94140625
40248,3755.98925781
40249,4884.53564453
40250,7388.16845703
40251,8937.18066406
40252,6691.31689453
40253,7199.98193359
40254,3655.93457031
40255,5742.36621094
40256,2731.87182617
40257,8269.171875
40258,8014.71142578
40259,9750.92089844
40260,6261.99755859
40261,3436.99487305
40262,4238.66503906
40263,6081.28369141
40264,7588.00048828
40265,4519.26220703
40266,6041.58154297
40267,5002.78271484
40268,5676.48828125
40269,2585.6706543
40270,8169.72851562
40271,4617.51123047
40272,7611.13037109
40273,6498.23339844
40274,3970.90405273
40275,8487.21875
40276,6341.76123047
40277,4974.49804688
40278,3935.65966797
40279,8443.50585938
40280,10129.5244141
40281,6566.30273438
40282,6025.95654297
40283,8728.171875
40284,7749.74121094
40285,6327.77929688
40286,6820.27880859
40287,2581.57788086
40288,2709.52001953
40289,4791.65917969
40290,6763.43945312
40291,8351.89257812
40292,7145.75683594
40293,4648.28662109
40294,8747.45605469
40295,8683.69726562
40296,5630.67822266
40297,3012.92114258
40298,10901.2763672
40299,3319.93823242
40300,4790.54394531
40301,7391.05810547
40302,4538.25683594
40303,5743.39599609
40304,2836.06274414
40305,6079.12060547
40306,5229.37304688
40307,6114.70507812
40308,8688.49511719
40309,7907.24023438
40310,5975.00097656
40311,3506.91674805
40312,8450.10351562
40313,12770.7724609
40314,6068.61132812
40315,3570.6940918
40316,6854.484375
40317,6274.21191406
40318,6910.48632812
40319,9553.21386719
40320,2302.94091797
40321,8486.19921875
40322,5038.18164062
40323,6205.32861328
40324,9120.3046875
40325,2943.75
40326,4755.00634766
40327,5279.84521484
40328,7899.91259766
40329,7062.90527344
40330,4440.58789062
40331,4469.8515625
40332,7333.98046875
40333,6616.82568359
40334,5200.09619141
40335,6373.65820312
40336,4811.32519531
40337,6533.42285156
40338,4957.73388672
40339,3162.20703125
40340,6119.08642578
40341,6232.27001953
40342,6598.45410156
40343,6991.48974609
40344,8393.30664062
40345,4270.31982422
40346,8269.41699219
40347,3619.84008789
40348,3668.69311523
40349,8222.62792969
40350,6921.24511719
40351,7260.84912109
40352,8978.26660156
40353,7296.94384766
40354,5604.04296875
40355,7159.00439453
40356,7210.45556641
40357,4536.18359375
40358,2991.61206055
40359,5546.22363281
40360,5440.95996094
40361,5277.171875
40362,3264.66894531
40363,5869.83642578
40364,6713.640625
40365,6472.13623047
40366,6322.54882812
40367,3001.82397461
40368,6720.49658203
40369,7407.80615234
40370,4006.61669922
40371,5733.72412109
40372,3634.33422852
40373,5911.68554688
40374,3980.38476562
40375,4843.71533203
40376,5246.44042969
40377,7449.33349609
40378,7024.43603516
40379,7215.11962891
40380,14133.5273438
40381,4395.17626953
40382,5307.49023438
40383,9992.63085938
40384,5676.94335938
40385,7947.67724609
40386,6812.91210938
40387,5903.25
40388,6161.51318359
40389,4918.18798828
40390,5088.26416016
40391,8552.44628906
40392,6214.97802734
40393,3346.57495117
40394,3949.05126953
40395,7443.74365234
40396,9809.30566406
40397,6348.57568359
40398,6315.92431641
40399,4628.23144531
40400,2224.20898438
40401,1812.64013672
40402,3429.66821289
40403,6273.11132812
40404,7403.40527344
40405,5035.42382812
40406,4687.75976562
40407,7486.39306641
40408,8309.8984375
40409,8071.24902344
40410,5405.70019531
40411,8908.46582031
40412,9819.54589844
40413,3986.43432617
40414,5818.84082031
40415,5144.04345703
40416,6705.50683594
40417,2989.03051758
40418,5619.91992188
40419,4656.67431641
40420,9545.52636719
40421,6437.35107422
40422,7417.68310547
40423,7278.25976562
40424,5160.86132812
40425,8415.703125
40426,15598.0253906
40427,8750.57617188
40428,3960.14575195
40429,3368.7722168
40430,6231.44970703
40431,6977.91894531
40432,4681.52636719
40433,9083.5390625
40434,19180.8925781
40435,5051.12109375
40436,3174.34204102
40437,10219.2949219
40438,3759.22973633
40439,5052.23876953
40440,3978.18701172
40441,6371.02050781
40442,4400.85693359
40443,6934.10986328
40444,5495.49609375
40445,5890.40869141
40446,8838.52539062
40447,6497.23632812
40448,6237.11669922
40449,7827.98291016
40450,5501.36474609
40451,6519.64648438
40452,8865.90625
40453,5269.69677734
40454,6164.60546875
40455,4576.96630859
40456,3899.06884766
40457,6084.69580078
40458,5029.57275391
40459,5439.41308594
40460,7926.66162109
40461,10539.3486328
40462,7516.47949219
40463,4427.13818359
40464,3856.89746094
40465,4661.52734375
40466,6213.62011719
40467,6649.56738281
40468,3045.13183594
40469,6895.75732422
40470,5573.33837891
40471,8400.53808594
40472,5651.68457031
40473,4644.85595703
40474,3385.1015625
40475,2893.84838867
40476,8932.61230469
40477,6115.37597656
40478,5853.09179688
40479,12541.9013672
40480,7527.14013672
40481,4116.15625
40482,6009.41992188
40483,2609.7175293
40484,4231.99121094
40485,3870.25390625
40486,4077.42871094
40487,8636.91308594
40488,4757.33349609
40489,9022.390625
40490,11293.2929688
40491,6015.40136719
40492,5453.53857422
40493,4661.91845703
40494,5228.52050781
40495,5221.91162109
40496,11492.9550781
40497,6352.57324219
40498,7756.32226562
40499,3091.4375
40500,5865.63330078
40501,5711.27978516
40502,8761.05761719
40503,7004.14453125
40504,5229.91699219
40505,6937.15332031
40506,5107.04785156
40507,8520.546875
40508,7391.81982422
40509,7063.69335938
40510,9174.68554688
40511,7151.39550781
40512,8199.13476562
40513,3737.56103516
40514,6068.55322266
40515,5182.68066406
40516,9075.20898438
40517,7755.13867188
40518,7079.1796875
40519,6347.70361328
40520,7934.30126953
40521,5243.50390625
40522,6969.31835938
40523,6412.88671875
40524,3398.76293945
40525,12459.1367188
40526,15808.5205078
40527,7370.41064453
40528,6438.61669922
40529,7246.11328125
40530,8219.75097656
40531,7958.33447266
40532,3014.68652344
40533,4562.26806641
40534,5840.09814453
40535,8887.28417969
40536,2594.13964844
40537,4136.37939453
40538,5466.72558594
40539,5300.24072266
40540,5263.60351562
40541,3279.93066406
40542,3011.54760742
40543,7354.81396484
40544,4098.85400391
40545,4820.5546875
40546,5230.94970703
40547,4999.71533203
40548,9691.27636719
40549,10845.1621094
40550,5207.13916016
40551,7155.93261719
40552,6768.99609375
40553,10303.9833984
40554,5049.38671875
40555,2934.16821289
40556,5112.79443359
40557,12894.3613281
40558,4201.58984375
40559,7378.73193359
40560,1987.70385742
40561,3545.11352539
40562,5906.48876953
40563,6825.36083984
40564,5333.56054688
40565,9131.140625
40566,8873.76464844
40567,7581.265625
40568,4758.36865234
40569,11219.4296875
40570,1945.06896973
40571,3905.88110352
40572,6809.6640625
40573,5015.28662109
40574,9474.30761719
40575,2592.30029297
40576,5291.26416016
40577,5535.00878906
40578,7793.78710938
40579,10474.1416016
40580,5405.55078125
40581,3215.52416992
40582,10876.0712891
40583,9903.99023438
40584,4757.84619141
40585,5543.40429688
40586,9720.39941406
40587,5980.94824219
40588,4894.20800781
40589,3730.09912109
40590,7495.23828125
40591,4539.55126953
40592,11983.4199219
40593,7856.66064453
40594,10889.5859375
40595,7131.31494141
40596,4925.68603516
40597,2111.875
40598,6337.07519531
40599,6291.18310547
40600,5291.28955078
40601,9704.21582031
40602,5858.42041016
40603,2790.98657227
40604,7166.34228516
40605,3569.12426758
40606,8585.96484375
40607,7046.81591797
40608,6833.00195312
40609,7946.53222656
40610,5138.07519531
40611,7157.65283203
40612,7653.78271484
40613,5650.28857422
40614,7112.98046875
40615,3070.15600586
40616,9181.62695312
40617,7114.94824219
40618,3658.95263672
40619,5134.08203125
40620,7853.70117188
40621,6163.98779297
40622,4004.39282227
40623,5444.73388672
40624,6108.46191406
40625,5645.37011719
40626,5080.92138672
40627,9470.70214844
40628,3944.54467773
40629,4211.42041016
40630,5872.57470703
40631,5816.57128906
40632,3594.91577148
40633,5349.76855469
40634,8336.86621094
40635,7712.65039062
40636,10080.0546875
40637,8834.88476562
40638,7774.24609375
40639,8643.38183594
40640,4528.09521484
40641,9857.09765625
40642,7990.85058594
40643,6349.32080078
40644,5080.68896484
40645,5611.56396484
40646,5189.31396484
40647,2338.39233398
40648,12476.8779297
40649,6796.5625
40650,6041.33398438
40651,4809.23779297
40652,1296.39245605
40653,8327.98144531
40654,5929.90917969
40655,3887.37402344
40656,3846.19140625
40657,5498.0703125
40658,6580.86132812
40659,4476.70410156
40660,10449.0380859
40661,4647.20019531
40662,4865.09912109
40663,3472.34301758
40664,2712.41674805
40665,5398.61523438
40666,13871.1962891
40667,3953.42724609
40668,5997.92138672
40669,5393.31884766
40670,4116.33691406
40671,3555.28027344
40672,6472.11816406
40673,2811.89819336
40674,10048.3681641
40675,5930.61621094
40676,2697.00927734
40677,8897.93652344
40678,2466.4543457
40679,4409.84960938
40680,10868.875
40681,7949.35986328
40682,8551.41894531
40683,2754.99926758
40684,5037.21142578
40685,4965.40576172
40686,4566.81347656
40687,14298.2177734
40688,11258.5449219
40689,5714.625
40690,3478.87451172
40691,6288.66357422
40692,4862.09765625
40693,2636.40136719
40694,7937.48046875
40695,4893.97021484
40696,5930.72412109
40697,7336.75830078
40698,5109.37695312
40699,4751.42871094
40700,5837.98730469
40701,7033.13818359
40702,7365.23876953
40703,2640.37060547
40704,5974.00976562
40705,6023.65234375
40706,8498.53515625
40707,5976.078125
40708,8135.01806641
40709,2625.88476562
40710,9502.36132812
40711,5386.31152344
40712,3155.63720703
40713,4698.71435547
40714,4516.53857422
40715,4310.52539062
40716,6922.96826172
40717,5161.16650391
40718,5521.89404297
40719,5264.91894531
40720,8006.82617188
40721,8111.13183594
40722,5372.36035156
40723,7792.50097656
40724,6318.91308594
40725,2707.04589844
40726,10998.8095703
40727,3570.98706055
40728,2869.12036133
40729,6232.66845703
40730,10041.6904297
40731,9556.12109375
40732,4184.19140625
40733,5059.24560547
40734,6956.76660156
40735,6650.8671875
40736,4450.62109375
40737,7774.88427734
40738,3088.9050293
40739,5151.82128906
40740,4147.671875
40741,3769.29101562
40742,3062.11206055
40743,7304.66699219
40744,7452.28955078
40745,6529.06201172
40746,5055.23193359
40747,8635.70214844
40748,8027.90869141
40749,5016.10498047
40750,5658.75097656
40751,5611.97607422
40752,7562.75488281
40753,5889.47607422
40754,2101.75170898
40755,6893.81054688
40756,6917.87255859
40757,6556.13916016
40758,5733.94287109
40759,3300.57446289
40760,10062.1210938
40761,3123.63183594
40762,8505.71191406
40763,5478.32958984
40764,4487.80371094
40765,7411.25439453
40766,4547.76416016
40767,4097.41113281
40768,9097.203125
40769,2770.88452148
40770,6946.37646484
40771,9875.203125
40772,6948.65625
40773,2794.07568359
40774,5222.77832031
40775,3844.88549805
40776,2182.3605957
40777,5274.5546875
40778,6829.33984375
40779,5486.00634766
40780,4414.24755859
40781,5273.46826172
40782,4993.24804688
40783,9120.79980469
40784,5290.33056641
40785,6217.03466797
40786,4249.3203125
40787,6105.06005859
40788,6041.01123047
40789,7012.94873047
40790,7873.08886719
40791,7292.03222656
40792,7270.51708984
40793,5530.18554688
40794,5551.17724609
40795,2841.10498047
40796,6163.77050781
40797,8608.41601562
40798,6880.36425781
40799,8417.07617188
40800,14257.2294922
40801,3379.28759766
40802,4471.47265625
40803,4405.98974609
40804,7887.44482422
40805,9480.45410156
40806,8671.20019531
40807,8250.2265625
40808,7782.16210938
40809,8018.35058594
40810,6767.62109375
40811,5202.44238281
40812,2309.52197266
40813,4864.18505859
40814,2924.77783203
40815,3287.09448242
40816,6752.22412109
40817,15907.1298828
40818,5476.29199219
40819,3366.21826172
40820,4859.79296875
40821,4457.54638672
40822,5727.93505859
40823,2245.87646484
40824,7024.28222656
40825,6735.68603516
40826,4094.00830078
40827,11696.515625
40828,11565.5185547
40829,3351.72851562
40830,6079.97900391
40831,3747.09277344
40832,4058.6315918
40833,4210.63330078
40834,8217.90039062
40835,3610.0090332
40836,4668.56689453
40837,4889.71044922
40838,5369.15332031
40839,5261.13378906
40840,7000.91894531
40841,3333.0378418
40842,8229.83886719
40843,7043.01318359
40844,4878.99462891
40845,4166.10595703
40846,3900.07324219
40847,4993.91015625
40848,4684.84960938
40849,9646.1640625
40850,4691.16357422
40851,4388.14306641
40852,6510.11425781
40853,5098.12158203
40854,6228.41894531
40855,5131.03222656
40856,6119.32617188
40857,10419.1630859
40858,7411.5234375
40859,5986.02783203
40860,3874.32446289
40861,5001.11279297
40862,6062.50195312
40863,3914.51245117
40864,4698.30175781
40865,5130.17089844
40866,11614.8867188
40867,7992.07763672
40868,4610.10888672
40869,5736.50878906
40870,4516.75830078
40871,6661.90185547
40872,5750.98828125
40873,9233.34277344
40874,6377.47753906
40875,4855.07177734
40876,4316.87841797
40877,2276.20556641
40878,4189.49951172
40879,19285.5214844
40880,2325.58911133
40881,4760.20263672
40882,5895.13037109
40883,6974.28564453
40884,6092.41943359
40885,8482.54980469
40886,5905.80126953
40887,6054.45214844
40888,2752.77148438
40889,8476.7578125
40890,4376.6640625
40891,6815.55761719
40892,9370.25976562
40893,4333.69580078
40894,8496.265625
40895,6628.25244141
40896,3200.53466797
40897,6189.19140625
40898,7554.21240234
40899,2682.51367188
40900,8338.30566406
40901,6984.53125
40902,5057.34960938
40903,9498.53710938
40904,8661.47949219
40905,6475.72998047
40906,5027.21240234
40907,4021.7800293
40908,5979.54492188
40909,3761.89526367
40910,6402.13037109
40911,2716.51220703
40912,6023.42822266
40913,2923.36108398
40914,5801.85986328
40915,5425.1484375
40916,4819.41894531
40917,6092.53564453
40918,8791.34277344
40919,5930.71826172
40920,7724.13427734
40921,5473.14306641
40922,6175.66943359
40923,9305.26367188
40924,7015.109375
40925,3954.1628418
40926,5727.55273438
40927,5157.01318359
40928,3908.7512207
40929,12466.8740234
40930,5762.98681641
40931,5005.59863281
40932,9343.93261719
40933,6023.49169922
40934,2066.31005859
40935,8681.36230469
40936,8603.21972656
40937,6383.2890625
40938,6919.44335938
40939,6843.91357422
40940,8021.36425781
40941,5066.90087891
40942,4162.32861328
40943,3886.56567383
40944,6269.35498047
40945,7843.60986328
40946,2577.03662109
40947,7725.59326172
40948,6528.70068359
40949,5203.50976562
40950,7067.17089844
40951,5120.046875
40952,7166.33544922
40953,4273.49023438
40954,5322.86767578
40955,4914.12207031
40956,4365.35205078
40957,6035.50537109
40958,7234.80126953
40959,8900.47460938
40960,6373.31787109
40961,4359.90869141
40962,6012.81445312
40963,6674.34863281
40964,7519.41210938
40965,3182.08251953
40966,2778.53466797
40967,8009.51464844
40968,6547.25878906
40969,4378.48876953
40970,7025.33398438
40971,6490.70117188
40972,6181.72216797
40973,4577.66455078
40974,1543.72290039
40975,6665.2578125
40976,6084.51513672
40977,5382.52148438
40978,8312.53027344
40979,6715.81835938
40980,3618.49731445
40981,5644.92871094
40982,3158.20019531
40983,985.002441406
40984,5675.95263672
40985,9483.39257812
40986,5341.22753906
40987,4869.07763672
40988,2993.03686523
40989,5110.24951172
40990,7270.10107422
40991,5637.78857422
40992,9019.0859375
40993,4256.39160156
40994,4407.68359375
40995,3472.55493164
40996,6592.08789062
40997,3435.84765625
40998,2439.69921875
40999,4492.75976562
41000,4099.48730469
41001,6856.28222656
41002,4209.63330078
41003,5444.45849609
41004,5451.45849609
41005,8171.20898438
41006,5176.08007812
41007,3552.14794922
41008,9613.86035156
41009,6512.84082031
41010,6382.25976562
41011,2093.63891602
41012,4669.76953125
41013,5504.48779297
41014,4029.64477539
41015,7357.72558594
41016,8685.16308594
41017,6499.52294922
41018,6955.02148438
41019,6306.81591797
41020,6449.05273438
41021,10087.7294922
41022,3545.68164062
41023,3904.24951172
41024,5319.58349609
41025,5513.87841797
41026,6223.92919922
41027,8210.72460938
41028,7118.89208984
41029,6718.72753906
41030,3049.50683594
41031,6348.83642578
41032,9391.25
41033,3457.30419922
41034,6428.36816406
41035,3235.96313477
41036,7087.95605469
41037,6192.50976562
41038,5325.59423828
41039,7084.70507812
41040,4467.77148438
41041,5137.21777344
41042,7054.79882812
41043,4651.12548828
41044,8455.50585938
41045,5810.64355469
41046,9242.91210938
41047,5668.65869141
41048,3438.63476562
41049,8277.95507812
41050,2971.08886719
41051,8885.61425781
41052,5843.30175781
41053,5124.49267578
41054,7540.64257812
41055,4610.79492188
41056,4363.4453125
41057,6178.04345703
41058,3257.4519043
41059,2712.47998047
41060,5917.59179688
41061,6778.93994141
41062,10304.5830078
41063,5747.14453125
41064,5721.39355469
41065,3674.19165039
41066,6741.08447266
41067,2989.87475586
41068,10413.6787109
41069,7508.23974609
41070,13074.2685547
41071,5721.13183594
41072,5620.93847656
41073,8464.53515625
41074,8285.19140625
41075,3128.17919922
41076,8577.02734375
41077,6915.03564453
41078,5479.17626953
41079,6197.04785156
41080,4801.83056641
41081,3215.73266602
41082,5792.07861328
41083,3561.93383789
41084,2703.30664062
41085,6918.62451172
41086,6053.92089844
41087,21637.4121094
41088,7214.70703125
